19567
30199
-26739
-1868
-17647
13186
16005
-39837
-1641
20090
40680
-3380
-38583
1248
-1428
40578
-23896
11107
11337
35828
-48424
26993
23271
44681
-36472
-9760
8277
-9640
18762
-40987
28249
-44051
-45073
6416
41170
-12892
-28667
49937
43067
-46461
15162
-24145
26615
-24359
2499
-36218
13927
21251
36700
-36373
5680
-46098
18343
34053
17863
-47674
16832
43450
-15687
17354
19968
-12759
8441
13910
-27505
-3409
19863
33369
16550
8536
31029
2820
19126
40724
12287
46728
-7547
-46079
-29889
-11849
36690
12132
10946
-21011
13139
23902
-20399
-29888
6081
26967
-41627
2073
45612
-1924
3183
-29326
41726
14051
48088
36300
1572
13539
41056
-18620
659
2819
41225
31815
41596
3819
9071
-31811
7899
8697
45591
-7738
-3464
-22289
-38579
-28867
-4150
34677
28933
-1013
2412
-44517
-3036
2379
-28260
-5957
-45159
-28665
13668
46565
29915
-30446
-40104
30881
-19682
-40394
-4245
10025
-26107
32486
29508
-30095
-3825
26248
-40139
-41312
9049
6919
2056
-46714
29409
38399
39265
-5007
16779
-37758
-8566
-8496
11835
-14456
-13216
16725
-23290
-27339
-39904
34337
-13751
12441
17868
20605
41138
4829
-16133
33964
-16176
-48063
14882
6576
24522
-6379
-4340
36705
12181
-27138
7476
-47240
30718
4474
-23837
-49968
-25236
-16838
30294
612
39678
33492
-33449
26518
-15936
-21653
-12514
-44744
-18443
-6494
-39341
-38842
8196
16315
-13480
-16540
44565
22039
-5473
-41868
19339
23689
-32165
-7767
3614
-21448
-21811
45358
-33340
-10510
-25797
6104
-7355
44685
34980
-43197
43611
21449
-8059
-38180
28928
-36506
15280
38334
-36659
20436
14955
42296
8876
45450
-27358
-18298
29623
11656
-12230
41887
-11630
-45575
28407
15143
-40956
-26074
34617
-43765
45857
-40065
-15922
-45543
-14585
-48134
-30959
13282
-29841
101
35402
24003
-2798
-10627
11443
6466
48538
27081
-29697
-756
-30585
38830
-275
-49323
-20816
-15338
-22419
30782
-12596
1971
-22748
-12919
-15736
13884
33756
-31527
1811
14989
15053
38202
5868
-33451
-13973
-35298
43427
34524
20964
2467
-46119
-27609
-41486
20195
-1750
41317
6323
12333
24102
46090
33817
-25278
-20062
4635
38232
37977
-24554
-22349
-13930
-42605
-25726
-34864
-13886
31802
17189
6083
-7219
7924
-39362
28253
45624
-22648
14531
24669
32888
-48297
12843
-30831
22968
7748
-18269
-32241
-6164
-19684
-21818
47074
-49316
31611
45223
23859
-17403
-41763
11990
21573
29689
-28732
30907
19448
-305
36253
20066
-45207
-35796
41974
-7992
20575
29111
-15372
38954
-17788
-13374
-38982
18200
-36299
40498
4151
36715
3994
1250
-15256
-44475
46140
-25663
26489
-27477
31865
-4904
-44732
22157
40621
26302
-29885
-25802
-15468
-5175
-46646
-8911
47760
-41249
20944
7350
-25653
-1559
49803
-48752
23107
14004
-4218
5063
38313
21360
-38896
-30778
38761
46981
18963
33807
6352
-44079
42319
-11322
-36678
-8860
-34516
-16895
20035
-28587
22019
-36611
42505
1187
-31041
26972
-32156
-49096
3818
-22276
-31491
10342
2524
-29459
-43833
-19629
-22740
23419
17859
-28097
-28280
-31445
27515
-27635
-47143
37314
-29944
24634
8156
10062
-48842
-20826
-31273
21776
30828
19383
47960
-46534
-14052
26532
-22481
9027
44821
31461
-10676
-11782
-12546
44116
12279
-18231
-49282
-11014
-39685
-11786
-12844
-36319
-33551
-24023
-7727
-24360
47793
-6648
31401
33971
29882
6377
44916
-49929
46380
-9900
25169
-26211
18104
-19570
8675
537
-24610
17517
42215
-32675
27499
46938
-10320
-42091
-2662
37140
41708
4229
-26010
-25407
28560
-23984
-36654
-38685
-35989
-25866
-16931
15784
-30664
48887
38398
-37898
-23685
13032
10318
46066
18783
-5488
-19499
17733
-48519
10256
41903
-20244
14668
-3974
7233
4534
-27940
-8036
-48885
-35309
-29387
-46066
-46503
36919
4287
1857
-13115
13875
19474
14682
22988
13509
8714
-20451
18318
4283
-35793
26227
42280
-24083
49791
-8068
-20256
33275
32748
25088
-30526
-26184
17216
-615
47816
3346
43938
19079
-16944
-34819
4528
41277
-46798
8257
18600
13712
24374
3491
41503
48622
-29813
-9457
46983
38771
-8987
47669
11278
-21255
-49661
-32994
-36233
7691
-48386
40316
-15961
47698
17078
-2801
-6441
38415
-49545
22283
-44166
3282
4810
23205
39024
-21267
44275
46347
-49575
-37330
10817
35267
28794
36785
-39564
18407
-16592
40093
-16939
-3276
10618
2931
1028
44083
42437
-40843
-8329
14538
9324
-29142
16028
1030
24369
18732
34230
-40391
40166
-24801
46833
5668
-36930
28649
24488
-26795
-13637
-40740
47921
-8105
-45428
31027
22417
44287
13043
22770
41573
-18989
21163
-20223
24169
48274
-43077
-12433
34103
-36469
-21879
9517
-46990
21083
45666
4356
27399
29846
8653
-36057
-3629
17081
47806
-8621
-31800
-18347
-43106
46302
-37244
4892
607
-4323
32518
33895
21093
-48900
45263
36360
-21691
-25625
-8156
15125
-5031
16781
-44811
-3564
44467
-12811
26625
-26847
45278
-10132
-12262
35728
28482
5032
11325
-9721
23436
-21395
-3300
-34789
2924
-49326
49079
1516
49793
-18922
-42421
6531
41108
-1893
33479
-12937
-38220
18389
-41450
10039
-8654
24867
13170
-26355
-12647
-35773
-47794
-10043
-29568
-8745
-4268
-1598
-34352
43287
2965
-4457
-3022
-12966
-24473
-9617
-6882
-38015
26257
-12215
5305
43585
-37976
-36929
14624
-6858
-42165
28476
-34670
22647
-17237
-21500
-41792
45152
25818
26662
43626
17595
24851
-714
27435
15388
45419
-28754
-45135
22338
30439
26021
22935
-18607
-40286
-47292
1672
-33377
18796
7336
-16530
21509
-36924
44503
27535
-5666
-2098
11976
21578
-4446
-42239
1039
5795
-1256
40842
5913
-35223
-41096
43657
-44194
-16405
-22125
19884
-39965
5247
-44102
43385
11574
-8154
46620
41637
-14908
22787
-4924
-19745
-19495
9000
-8881
-28292
-41700
-11893
43892
29052
26048
-7643
-14227
15776
-1552
49342
23613
-2423
10417
25365
-29306
-40772
-16391
41315
10981
38142
-46903
6426
-8275
182
36357
-13549
29629
-37641
39790
25894
-46449
-32236
35213
-48960
13928
3450
41632
-6797
10571
-36114
-18115
7326
-14507
-13630
31243
48121
6341
-35304
1479
-37353
-22680
46419
20534
-5647
-49293
15484
10776
14420
-12827
-10811
46245
-47883
-13839
-10474
-86
13868
-44945
-40703
-31632
1956
-38393
12336
47165
-28937
38622
36964
8930
-49855
-29015
-31142
23973
23669
-9639
-25281
33061
44535
-5443
48704
-38315
15306
-19235
-15455
4538
-27870
-45232
35526
10526
-14791
42403
19896
-16690
-36165
-12556
-454
-44795
-29202
48290
-45696
17492
-5540
49005
18622
40843
-10209
22452
20301
46089
45795
-45218
1550
1107
-33624
23621
-1382
35320
25876
6935
-35036
-11051
-29609
1017
-9797
12950
-23639
24209
-4898
-35752
20696
-34981
-28548
-48228
-49402
42199
-39230
36066
-2429
34150
-10819
-48974
42803
-416
4676
-45667
21908
11847
-17210
6249
-16970
-10807
-31474
-47297
-14708
41976
12873
10223
-30606
6611
25131
2155
-19994
25935
30974
-13991
-10371
42247
49604
-11466
44228
-9220
-31226
-31067
27390
6372
-7269
-4696
43485
-354
13286
-16424
-40444
-12470
-26912
-29999
-15191
-10424
-39596
-10800
49945
-40614
-15576
49212
16493
-11448
19092
25106
22994
-47780
-1222
26512
-42940
-17187
1581
-19447
-25759
30215
45300
6849
28228
-47197
28465
-21816
21442
-18188
6324
-45671
2647
4662
-27658
39803
-37209
-20663
49585
-11606
-49440
27481
-46685
-5204
21408
-5702
-21317
-209
23200
-32363
-408
-3809
48421
-23422
-30882
4766
-25880
17120
28123
29614
22437
46588
10692
-42932
39124
-41891
-48747
-38164
25884
-12595
16988
-1702
-46470
-33017
-28356
26276
-45349
35238
-1503
-24694
-25290
-12145
-21586
16073
18995
-5437
45302
25363
-33645
-25822
-7514
15858
-27408
-41207
21000
28381
-25027
21699
-6189
4852
-21364
-32495
-33675
5791
3172
11251
21160
-46171
22684
16915
41207
-6721
20562
21798
2162
-34911
-112
-18336
21255
-46991
-40176
-36683
1201
-40457
-8335
-26702
-675
25326
-30174
14295
-26813
-42462
-38151
8692
-25755
1704
32068
-45500
19337
-44672
44706
4539
-41981
31491
-39788
-855
27644
-40220
141
39100
-30344
24880
33396
-8184
-1203
-47512
-35493
37750
35481
17957
29142
-43796
14663
48754
-11511
-32921
36
-3766
42842
31826
-9610
-4917
-14921
-6626
9696
43343
32616
-2041
-33164
28725
-10
-31128
49123
29875
-39881
33760
25959
-49163
-16100
23996
40748
13474
18105
6200
39854
27159
-23483
43736
2377
-38855
11768
40278
49270
49695
-8065
26118
27878
-48219
-24020
-44640
-21967
-31766
-25523
28721
-25033
5875
45575
17555
8654
-18737
-42719
22498
5198
-22963
-14108
-37612
-38604
-49191
38888
37459
10516
-1684
-34158
25978
37718
16662
34592
41684
31533
-26426
17682
39515
-41081
-23522
27819
9643
-49315
-40787
-19301
45252
46411
-24335
32224
-43619
35421
-41861
-33633
6134
-29673
-20666
-16116
38364
-16020
47446
-46467
-32880
-49451
-21051
-25976
28529
-11982
-25423
-44072
-20145
49927
-38141
-14825
-13522
-43662
8728
-8307
41535
-2655
-1704
-23219
41711
-43056
49039
-14827
-6733
-17487
22070
-12802
35453
-33351
37708
-21591
-36061
10102
45888
38011
-38814
-16501
25446
10808
-13952
27312
8342
-40384
39602
44179
-37354
26581
31593
-17283
15384
-22468
-49955
-4337
3071
-24820
11508
36676
49145
32648
23763
7544
22041
21393
-46276
-10131
32130
-28346
26519
-2209
-37119
22554
34081
-24297
28661
-11034
25780
-9596
-31294
40873
41943
32330
1123
-24751
11988
-30834
-27516
29295
-25406
-38054
9430
-39360
27624
25466
43368
42827
47594
24859
-13775
7047
2775
7311
-11484
-17428
49889
-6051
32025
-39631
-23282
-5573
-25106
34627
47300
24479
-31994
-37260
46901
12096
24106
9496
7675
-47053
-38549
46143
6072
16623
43763
28324
8737
-5551
12592
-16843
-44660
37832
47849
-48194
27583
42969
-44005
-44260
15062
-22239
23628
-30187
30491
11804
-37080
-740
-43350
-41503
-29460
32824
33628
-9292
25210
2065
19744
15609
9267
39246
-10913
-14131
-37183
11599
-44713
21379
-22595
-34215
49786
8493
14870
18729
-2645
-35111
-18193
49058
4037
25603
20308
-14478
-43991
-37714
-31034
-5329
-28030
-42819
-32397
27281
34721
9162
-423
-15231
35539
-25024
32878
-8871
48042
-42064
-35248
20663
21479
7747
-26714
30632
-36141
11930
21582
-33765
-37914
-41574
32229
46172
43521
-1035
37654
-9338
42900
-43174
-46090
46117
-27418
-47424
-263
5771
-32929
-35905
-24835
-37847
39739
-12984
-10620
-30003
35022
38058
31206
-42316
-12345
33800
39200
-43963
-32123
-34307
-19869
28650
38683
34710
-22328
-9582
10604
-13610
35536
-46113
-36422
-48893
-14054
-20736
-25814
8545
-31470
-30099
38109
28968
4128
-7200
3012
19561
44699
4909
-19507
39368
-7012
25352
21535
-10861
-7439
12820
-37606
-30633
-25961
-28475
-37719
17560
29285
-16923
24914
-26380
20287
40740
-4775
38066
-25390
18575
-8920
9828
7406
-48719
-13752
-16908
-47139
22051
32085
9628
16705
-9067
39550
8279
11926
-41712
3836
-22018
-12598
-29219
48050
-20473
25478
17218
21303
-5312
47048
-4826
38868
7450
-20195
-19582
24785
-34323
39120
38585
41813
24195
-38836
-18228
-44612
37465
-35897
3523
26479
49632
-48563
-46459
48656
-12461
31193
-49972
-35919
-19736
-3496
-14177
-17040
-20635
-32784
-38986
23221
-33218
44803
-42873
-46431
-42713
-3999
-31419
-5605
32353
29756
-19443
-8051
27693
-26515
-10418
25770
41755
41334
32151
27125
41556
31036
-35826
16507
11339
43267
-3601
17626
-19666
42539
20856
-447
-24740
15113
41348
-34417
29586
-14995
-2940
41337
8766
22583
-21791
48757
13065
-24510
-19026
39112
-15730
13233
9080
-32056
46517
26012
-22177
-20242
-5445
-3006
-32053
-20618
-25764
-15873
-46895
3771
-3226
-27758
-26444
-44338
39531
-8883
9516
-1329
20268
21965
-1574
38184
-46364
22824
-49043
47622
34084
-8163
7095
35482
-16598
5048
6015
4687
-1264
-891
-46770
38945
29023
13257
-30739
-46188
48946
-39273
43477
43071
-20065
-20629
-9704
48183
-6173
-15815
8699
23988
45162
-4852
14231
-3606
36579
42335
25757
-7955
-23710
30125
-1810
-9179
-33213
-41361
46399
11340
-42770
16987
-49725
-2448
-16748
15586
-8799
420
31624
-47406
-14910
41818
-37688
24685
-13805
-33979
31472
44014
27636
10766
-39592
35484
3216
-23098
-42221
-23240
-27924
-10465
18
-36809
-37486
-22097
-24197
771
-45612
-3453
-38012
-31710
32053
20990
-36000
43029
4339
18368
-34278
10658
18515
24439
17822
-16974
43720
-3972
-17297
-27416
-9691
-49044
-24346
39969
-26734
21159
10163
-9188
27777
33776
18166
19424
-35653
-46408
-14717
30672
-16005
4921
-7098
30193
-36255
-37477
-36050
26766
29358
3874
15363
25841
18476
-31878
3697
35136
38716
10264
-17366
-38272
15830
-32776
42794
-21656
7460
-42845
-4360
37897
-18789
15530
-18428
32007
-16833
-1597
32014
42370
7405
28679
9329
-27642
11456
41687
-23148
-25539
-16445
-6548
37579
5865
41117
-21639
-18396
45808
-28834
19794
-24248
-26021
29400
-21948
-3200
-40834
25140
31177
-17915
-12122
37542
-19737
1164
6694
-26383
-23050
994
-5008
40452
19494
-2560
-1772
3601
45309
-11131
-10631
-31880
-44620
23268
21126
36909
-28170
47081
-39089
19328
37133
24271
2869
35318
22457
34567
-3210
5721
18003
-38558
10409
20959
4490
6575
16342
23160
-5819
23484
15603
6038
27108
1415
30399
-22491
-46851
-790
-19867
-47146
-14515
-48877
27277
20699
-34990
-40258
-27367
43125
29526
-4347
-1557
-39019
42324
-34830
13619
40076
-36247
45635
-19307
44920
49774
-6167
-24156
35412
-11204
1678
-20555
-12259
-2800
38651
29452
18258
-15355
-31840
37415
36933
34330
23252
-24900
26130
-41944
-49069
-8995
-7961
14310
43918
39469
-10471
-42993
25173
-37176
-19096
20996
34982
-19646
9617
-3895
26085
22807
-32651
29056
-9918
-28550
-23609
20139
-8039
-29528
-34248
45976
-37309
-27603
40453
-8736
2747
-1826
47861
15087
43505
19766
-221
-47183
-2295
-46624
838
28984
-19123
-39072
-33485
43310
-37678
-41074
24599
-42703
5327
-45786
-47462
-36443
20082
-26713
3640
-16474
15545
17336
-42877
42285
-18117
24280
11216
18065
26129
-17331
7130
19444
22302
-41186
-10097
-33603
18763
1392
628
32255
29984
-14366
-35473
-47901
-37193
13492
8903
-6657
1464
-35867
-42691
49832
20439
-39962
36817
-10710
-7967
-10615
48457
-34580
-45636
43166
-16191
-37590
35409
9272
32760
-26177
14985
29906
-5706
-24626
26386
12458
-21837
-13707
-28195
-14019
48045
-23818
9237
-47280
-11021
-49303
1700
18126
-18280
7701
-48141
17892
-21732
-25914
27815
-5446
22750
-49076
14505
43233
-15233
-24218
-49238
36809
-12854
11155
13872
5873
-40501
27041
22015
34657
3557
25214
-21834
-22661
-10978
41585
-30590
-2125
-17634
-46938
23566
-42662
-18085
-33541
34394
-45345
5112
30817
-10969
-33566
17913
7740
-4618
39228
-40388
49615
48076
14034
9788
38168
42729
15464
-21894
-24639
-28621
25359
23688
36510
24245
-37739
24259
-43749
18836
32449
-26377
-1494
-31171
14125
40561
-18281
11420
-2275
-38133
36155
37867
-19355
3322
-20325
31466
2844
-1197
-24847
17141
-16367
10511
-40122
42192
12326
-34561
-7077
-32242
-7711
38088
-35727
14017
31537
-31010
17588
8187
-31723
37262
-3833
-5691
36037
-25837
-42164
2631
-11959
-47627
45105
13441
-397
22214
5552
36580
11248
27129
19813
40446
-9011
26501
29390
-646
-9614
28016
39912
1435
-45618
-5050
6403
-20580
30806
-361
-31781
46707
20899
22371
42344
4013
-42138
27616
26260
-47223
1406
-5002
-47803
-23715
23950
8520
-36664
3979
-26810
24137
-7570
15387
21672
-42405
-32903
28069
-11694
46968
918
-33064
-21583
29704
-398
-40256
-29986
-8530
11660
-3602
-44824
-45227
38843
31184
47178
-37834
-23262
47293
-37511
36754
40306
32039
-24320
-8561
-854
11382
30470
11870
30934
29670
7936
-38256
-16567
-22495
-39218
27602
-12474
42605
-3532
-7114
-27322
13447
-46223
14739
-13358
14352
-45832
23837
17317
-34452
-15431
16257
38379
22808
-39595
38595
19560
19638
-36287
12715
-16707
-7748
15413
-45032
30046
26207
19450
-23677
-23585
-1126
11585
-43973
34248
25200
-28855
-39104
44810
73
-10805
-12394
-36738
12244
-46195
-49780
-41044
47282
-17228
-31731
11241
-7347
-33594
-31807
38931
46902
-28395
-26120
11132
4347
37778
-43026
-11684
-48882
11620
6230
-19425
-39226
-20212
-14322
17363
42834
-40200
-10126
-21693
48480
38618
-36997
43676
-13061
-31479
-23672
-13421
-19175
-31001
48364
4616
-4723
8537
35851
-2679
20259
42739
-4012
6073
-11390
33958
36609
-17582
-10560
10120
-24940
-14609
34920
35058
45722
-45059
41416
15228
21148
48416
-35520
-30111
-41086
-10667
32752
4094
-31611
-25037
-13169
-39804
11099
-14863
43034
-20904
39522
19253
30078
23032
-35416
-44382
46257
-26873
24780
-8580
-48648
35780
30589
-31215
-17077
19175
35103
-30264
-45233
33460
5612
-8789
12467
25997
23944
9704
8781
19540
3245
-14140
-30492
31214
-14070
-33537
4408
-27982
-27593
-6640
-19009
-28010
-16314
25439
-22776
-42024
7393
-10044
-37872
-32940
-18857
-34231
15747
14167
36416
-25096
-35589
-27229
-30374
24955
-24893
4555
15998
39762
45393
-6439
-15543
13104
4298
-30940
89
39567
-38559
-11875
9588
-29429
41654
2939
31399
41026
10551
-23737
-46229
-29200
253
-48
-26389
-10344
29431
-484
-44649
-2358
6630
44818
8480
11191
28011
-39843
37176
26723
-5652
9809
45418
42193
46776
42651
38302
-14186
35361
12535
34876
25638
37115
43559
-46822
45274
-2073
47941
-242
-874
47188
-18255
26250
-1930
-1223
32122
-19776
-34804
-10796
22920
-25786
-38109
-4276
39226
-49860
27872
-28673
1714
39433
2486
6043
-31692
33432
-4113
43362
48397
-7040
-48825
10743
-28514
-47215
-45150
-4498
-19959
-9158
-38891
15203
36596
3325
-28827
45119
12193
-9856
-20671
-2840
10165
-1056
36922
-47016
-37419
18014
27248
-25699
36016
-10328
7782
26633
1533
47314
6357
-40792
-8416
45259
42000
4751
47345
13916
-10781
-15522
-6296
13856
2457
-37588
24714
29223
-29608
12935
-20649
-13535
-31092
2157
11633
22260
-621
49689
-30152
11862
-11833
-26969
33388
23477
2509
45353
-26405
-26023
-9265
6999
16236
-47895
-39333
28829
-49422
17554
-34771
7652
27621
-28115
6943
-44948
4478
7836
45633
-48573
-49810
26186
18913
27265
-29661
-27951
4252
-49321
12956
48889
14942
-44394
-12958
30562
4579
38383
-22294
-4581
-25501
2055
25621
30022
6383
34453
-40086
-14074
38162
-45591
-5763
25854
37438
-8266
37215
-41161
48191
-38482
-17924
19948
-49988
14910
-17733
47482
8230
-32585
-49071
-1978
46342
38935
1185
-1068
16972
30675
23173
-7990
-23051
-21694
22782
-9627
39209
-22678
-38659
40663
-29976
-43236
-30321
43263
-7679
26559
-45221
33292
47349
-45694
29472
-25153
-14702
31382
33917
6735
-38712
-48331
-9985
-40445
18918
-18190
-533
-18008
-17022
-47328
16139
-410
-45343
36902
-11238
-24624
-31145
19267
-2268
-12766
37354
13439
18240
-47003
9663
14735
1952
-22902
-32393
-19786
-15987
-17209
-34040
-43848
-12818
-16577
27651
7142
3318
-3479
48234
-2292
-4503
-38358
-36689
-31955
20701
25845
-5292
-8477
-9219
-32772
-357
-40282
20732
27802
-33241
36245
-21870
-34418
-41963
-33694
13049
10450
47496
39101
18432
-10013
-8939
-44707
-9267
36065
11603
-46484
40123
-44473
30342
-870
43127
-24557
29351
-48847
36470
-6825
1349
21301
27127
-7408
20427
19326
-16365
-30129
-47355
-20405
16665
-1242
36570
13202
-30955
22020
2070
28783
-46172
-14945
-47630
-35687
-39886
11439
29804
795
41868
25031
-5388
4007
-31499
-49587
6014
-14788
-23472
-2413
8283
-28531
6765
-37105
39045
-14350
-6517
-44961
11912
10729
-5788
-19957
-20956
-36088
45619
-22291
2706
24938
-40999
-39844
-46816
-49931
-34994
32402
-21768
-25022
43152
-38388
7240
-12891
-45870
-11554
48594
28659
-10382
11199
42767
-1202
36757
15552
-24953
-1913
-40919
41405
23018
-17486
-17997
-28625
-11107
20419
25073
-20422
-29821
-32566
-48095
-13269
4263
-38733
33659
15754
-49813
-9397
-15234
19831
-29668
5142
-2266
-48367
37396
-21692
-2395
-23118
-9573
-2719
7080
-41975
8947
-46605
92
-18279
-20661
49385
1060
24610
-42198
-7386
23323
-48345
-41056
30961
-18473
24789
17206
-20601
-16263
-5086
-11125
-23911
44904
22355
-27869
5746
-6178
36074
-4963
29136
17903
-12786
14178
-19829
-642
-12130
-35201
-46166
-42259
-26303
5283
16880
7901
-38062
17244
-27733
-29905
-20154
19986
1668
-3339
-10625
47278
-19419
41986
-6635
-8769
-44537
-18266
-30312
-46077
29341
43538
-41431
-5932
913
35956
-32279
46138
33043
1905
-22958
-14649
33566
-23207
620
-3297
14161
-27069
-13844
-36644
9148
22858
-20929
47340
45995
12175
21710
-20034
4400
24210
854
-26022
-18852
-25998
18481
1983
40869
46627
-37480
8395
-5138
-20681
1003
46987
5511
37890
-7648
-11522
-36537
-13486
37707
22288
38630
-12192
28655
-46076
-38850
-2589
1590
25955
-26948
-42452
14194
-44998
-16378
-16246
38611
26063
-48865
46869
15648
30964
25815
-3780
-20217
-27889
-47447
15757
3284
-40818
13188
31697
-29373
43419
49329
-30284
47330
535
40648
-44372
-614
-11186
-33612
16170
-49010
-24874
16301
47240
11186
47560
770
-18771
-34805
9963
49205
-24997
-33559
-13397
10755
-48042
37547
-4392
-9613
21486
-11342
-31198
-12913
-10671
751
49603
45578
26727
14423
-9339
5504
-4064
34368
14380
-46374
584
10876
-2968
-31779
41140
20077
25584
45714
49192
49508
-41326
-29094
-20281
-13050
11026
-19250
-11038
-29645
-5601
-47026
18112
14657
8676
40181
-41309
-47049
-37601
-12822
-19097
-20456
5622
14038
-46487
33366
7915
6915
-47370
4571
-16334
-23258
22090
28489
-48861
-16868
38564
11168
-35401
-43533
27760
-6790
13538
-33332
95
-39313
-13855
36075
31892
46064
-13778
2475
16093
-13977
22952
-43849
35858
5887
3619
30401
9416
-19536
-24643
-11277
31231
1160
-38547
-37348
-17451
3637
-34146
41553
-14078
-19379
3125
35016
33570
-49421
-34667
-37425
38356
-37598
10750
39774
47403
21411
10374
43135
-36807
6877
-49252
-32014
-19271
3893
-3338
-23657
-11045
32645
-13668
41616
-5783
34351
-37519
26594
23038
17801
33618
26018
-45037
41038
22455
-40975
39604
-9250
16944
-36942
37067
-42552
-66
-6940
-22672
-23921
-38736
8340
-40538
44351
-35907
-18998
32318
-29173
48956
31797
-33028
-32555
30643
-19797
16544
17238
5017
601
49475
-43431
-40851
10732
21719
33125
26145
26845
40389
-4534
-17302
-6259
48269
-12835
4314
-44329
-3122
-6543
31129
-23100
4059
-8747
18793
9936
-4851
-38596
3179
-3159
12684
-17610
2700
46121
-7667
9599
-19380
-33155
3811
-48363
-36394
-24476
-13271
-35139
6326
-32986
6813
-25402
-44386
21848
17373
45601
7239
16763
-36281
-46679
21942
-5113
519
-33689
-14547
-297
2263
24689
26953
-46829
-42525
-2751
-23562
-47350
36513
-48723
16454
-47260
12172
-14614
10967
19266
48082
-15230
6482
41154
39492
-21790
12084
49331
36728
18427
-38572
-44462
2933
-44980
-35778
2868
-33331
-34860
1947
599
-46155
-48181
-10300
1934
-21772
23910
22461
39339
-45588
21046
12833
32613
-18498
-16213
31507
-7806
-18630
-24672
19531
-12401
12351
32199
47990
-20840
44743
-36042
13046
7864
-3188
16825
-15283
48225
-13162
-12123
36104
27901
18199
-37862
25921
9644
-15479
-30250
4237
-7370
-43968
29151
27333
-1526
-16016
20299
-25669
-31420
-44845
-13536
11144
-1145
-23787
-33243
28119
-35991
-43240
-6693
5106
-8057
18656
-12929
20349
-30143
-18731
-46669
18227
3568
9967
46490
35925
29547
-1177
-37199
-40682
21520
37302
30020
-40971
43737
-29437
5272
39589
-49179
41387
-44895
-31936
-49562
-38936
-33471
-31966
49476
-17947
11959
19747
-44768
2181
33703
25705
-39012
10935
13468
1142
-1875
44800
7631
-27034
-38974
-20504
-46421
-33260
-13618
-30919
41231
42641
-32394
4705
-15575
-45131
36935
-14753
11318
7858
45937
30429
-37710
-853
-14648
23807
-29339
27257
-21748
-16169
-11905
-49777
2233
-27931
-42116
15406
-44557
-35328
12375
38034
7628
19776
-48115
3655
-16932
-13673
7535
37920
8644
28801
-37562
-12487
23546
27317
8505
-41858
-3545
-5287
15400
40162
-40150
12242
-34093
-21812
-4929
-46377
35465
586
45955
-28507
-32225
-45567
38130
-23722
-36189
27971
-17679
-35634
-10790
1117
7549
1815
4469
-39996
-27762
46082
28091
-19441
2742
-31592
2590
20946
1278
-901
6710
36494
-3770
45079
-15275
-48943
46604
-43186
-1346
34349
-34867
28217
-23269
-43199
-26698
43440
2569
-10201
47480
-40839
-17492
-47661
-44973
-9016
-27721
36407
16295
47606
-2133
40409
-5110
-6066
662
7975
-28001
6280
-27147
22299
-42898
40434
-18573
38747
-6334
24257
15079
-22413
39903
49731
-2936
-30624
12353
-15419
49364
542
25721
38165
-18353
-14144
-5661
-6300
30515
-29660
19105
18445
24432
-33023
17955
-39475
45518
1498
15440
-20052
40292
27269
-2434
-41660
-28214
5513
13891
14350
6951
-36778
-17352
-34457
17029
-12956
-42598
1407
-12698
-13895
-37247
25237
37445
13536
1140
16099
2313
-32237
-22292
-25297
-1000
5617
-35103
42943
-11976
-22533
-18212
-41967
-24827
-12111
-38914
43665
38010
33783
-45047
44674
2972
-14538
-21258
-2954
13756
13830
-37021
-22767
13745
13516
-2639
7755
34383
30825
861
10882
-9402
4581
5414
-4201
-458
-8249
22317
9853
-21644
-6235
-39623
-33779
41810
-49482
-27707
-1807
-48492
7997
48319
-10416
36811
-26234
26681
-32618
-8420
2699
-40724
37371
-29150
16153
4040
44310
48065
29232
23249
15317
-5483
-37594
46445
-30972
4712
-46389
-6578
40777
-30110
-28903
-39990
-17309
15123
-43254
14784
-5945
-10451
-40070
45215
49156
-30320
-33880
-19006
11908
33205
-30473
-40883
45
-15308
12087
6692
21189
-45781
15442
8055
19542
-19936
6114
15468
-19401
-40329
25008
-34787
-15857
24229
9435
26491
25317
-9226
37984
48684
-30993
34085
15057
24183
-43054
-10166
21409
-29208
49880
6105
47585
-25903
15800
10890
-49546
29943
40855
-19694
17049
6028
-45466
29662
-37570
-43410
23666
20601
-7180
-1130
24113
-8432
-40638
31357
-35027
-29543
-38016
49941
6101
-104
24503
-47585
-45118
47900
-42468
-39569
-25887
26504
-41440
12067
39797
12407
-10081
-40136
-10849
24517
-18080
26454
-15369
44418
28555
46155
24690
42458
-2926
-19222
5851
-5324
28680
-10298
-2960
7921
3401
-33531
-40002
-33816
-16368
38161
13328
-39020
-26819
13535
-40467
-43568
-27805
-19340
-35307
43452
-34165
37253
22905
-47554
3510
41432
-47836
-7614
-4557
31791
-19642
35966
-9796
-13715
-15531
9477
-46751
-15715
18234
-27203
13834
15935
-18011
3054
23498
-29127
48229
13518
5955
48420
-16966
-29884
-37559
-19930
-36814
-21417
21884
11490
-27163
49633
5929
26890
38558
-46663
-1444
45182
-48413
37773
42523
33120
17235
-10446
29985
-6679
-34904
41043
-10871
9618
2369
-21440
-9156
32293
-35716
-23324
-33618
13258
-26820
11595
44205
13101
-12890
11258
-15934
-39708
-42669
26636
31377
-28871
45362
-42722
37301
-17560
-48715
31069
18630
-40061
22397
-18505
35829
5168
-21061
23108
36507
35245
13037
-31490
-43039
40242
-25058
578
28268
44973
22352
46022
49124
17931
-41779
-9945
40941
33981
9365
49650
20702
-22112
100
2107
8498
31742
17158
35760
27612
-22652
16555
23130
-38964
4274
-21749
-46388
-14015
-46168
47745
-37946
-25964
-29954
-48260
-4811
33380
-34896
-42672
30873
-828
-22530
4827
16076
-26342
18633
30087
-17010
-25322
-10988
-43740
-28184
-43238
28718
-27575
46246
45964
-41783
-3130
18571
-3856
14389
-24640
-44532
-49008
5533
44114
-493
16508
47648
-41458
-2762
27587
-34252
-19962
23609
46932
-18433
-48663
26649
-37169
-30396
7254
8756
-13612
3070
19080
41973
5607
5264
-36765
2762
-44596
17207
31938
-25182
-30407
-16982
-4277
13926
2066
28099
-44662
-34511
41091
13171
-872
-27647
4070
-14295
-19498
-22371
20900
-37928
-15377
-22791
-47645
-11303
17488
5359
-1314
6685
-15428
-43974
-31620
34116
-42358
-36280
-20165
-46062
-1988
-40762
-39645
42009
13290
-32350
-49174
-24313
-15400
31599
-3254
35354
-4524
15231
-15973
23505
16879
-4931
-18496
-23978
-26609
45401
14958
-2889
41212
21332
30602
5699
17135
-21547
-44984
-30007
39692
-13529
13530
-36052
-11650
20514
-48436
47738
7971
27292
47013
41280
-31515
-44703
-43341
32731
46315
-46000
-4210
48313
-889
-8006
46325
40202
-40765
10301
19918
7878
16013
-15953
45522
13090
-47318
-19201
-15208
-16614
26557
-41301
22360
-12967
41283
42506
27578
-40822
22518
17832
29998
28160
42609
-6217
-15771
-36323
-1674
12637
28492
-1239
12280
-17285
-13968
7680
-18967
38658
41453
-49070
13412
-6361
23092
6011
-21936
19812
20113
-48339
-45060
-34890
-44860
-42913
-10497
12487
6350
-45589
-508
21069
15718
9782
10949
-13776
17307
19370
-21008
12223
-46724
2748
-32204
8891
37407
-8392
5614
47779
45364
26059
-13998
31540
30143
-1962
33897
-38880
10762
613
-38785
26668
28748
-15802
3368
10821
42979
-12685
19310
33000
16556
38327
48802
49983
-29405
-27032
4666
3846
-32385
-43791
38573
24185
28966
31373
4204
-48868
12703
765
-38816
48611
-4204
21626
-32572
24953
35326
-34319
28536
40443
41233
-27548
42408
-14383
17170
45527
11344
-27772
-2755
25493
1615
-44198
3982
-39243
-47001
-20591
-21123
17432
46685
9493
47283
-46211
-44227
32500
10864
5842
-27836
-30721
-38786
-47428
41927
26620
-9254
-47276
-19794
-40529
43854
-27378
-45559
-10152
-40331
47241
-43620
34977
33328
-29450
32534
43954
-4519
26245
-40194
18130
49104
38513
38825
28488
-32172
46545
-49702
-43208
21304
-23544
26286
22315
7024
-5983
37188
-32199
-19535
14268
29203
-29551
-46409
-30469
-34996
876
-45580
-10953
44333
38561
23998
15690
-401
-17218
-1611
-34881
-12972
-38442
39621
-38334
-36074
21577
25937
12040
17770
-44761
-22466
-47990
38846
13263
-2839
-4291
9457
-43043
-43559
15047
48627
37971
41793
-35538
-6711
-17136
-8375
-11561
-31076
7469
-19004
18585
35289
4529
-44564
39221
-22176
-26495
47111
-45916
25136
33620
-36559
6342
17721
-28495
33551
31559
11718
17055
19725
39061
-34799
-38575
-24440
-16617
-10189
22109
-28799
-48358
-6489
-23101
47401
19839
-19258
45359
-2607
10672
10369
36742
34180
34243
-17101
-39413
26531
-4629
-48476
45453
-9674
-41972
38290
17298
-6929
42377
3926
31873
-46564
-1968
18780
-27664
-4737
1189
-27178
-20552
-48634
47431
-33464
40471
-7488
-46788
41261
-18104
-7465
20655
-14903
46031
-24170
-2513
6295
-37900
-35740
37249
-32406
-1282
-11504
-20038
-20107
-31822
-47589
-12832
-22861
16706
37060
26524
-24719
39085
29027
-24492
9979
-21053
-32083
12030
-42362
25353
-42621
-34284
-5376
-31211
39463
39223
24572
40563
-21799
-40100
18818
-42583
32573
30210
33410
-15638
1021
34100
-12318
163
36190
-40770
-30216
-16392
17177
-44330
-27349
30846
31082
-39620
-48984
-44932
45607
42579
39419
44643
39086
-49467
44381
-45320
-6346
11775
49845
34714
30214
13837
-2715
29557
-19118
-15562
23164
7516
-29431
-2959
44015
-42729
38123
-22869
43098
-33178
560
40579
-6760
39983
-22532
-13563
6434
-26797
3878
27201
24334
-38457
48648
6137
1906
8163
22386
31062
-38708
26323
-35325
34667
5571
-23695
-33949
-5077
29331
-17068
-31013
11315
-25483
-11274
-23353
27456
9480
-48949
-28706
16755
-13140
32491
-9672
24322
-12497
-17397
-10535
-7527
-33226
42895
-17290
22036
-46579
-42093
-4370
-21399
31710
-16492
4384
28323
28421
-12730
32315
21227
-3727
41139
25128
-24209
2186
-48077
3136
23253
23992
38057
31115
3582
39967
-46245
-13396
29960
-35667
-29605
46271
-47348
-14222
36225
18937
-5441
33044
44142
-2426
-47341
20396
19264
-47475
11927
-27188
7714
26000
-37204
-37692
-32617
-18374
-15235
-35764
-41338
38520
11425
-34558
-15733
21405
-28228
-29315
-41607
7082
29811
21889
11063
-19154
-39817
12228
44478
43638
26676
-22941
-2551
32817
-6474
49485
-9996
-47739
-47436
47573
30954
-4686
-26339
26860
-47814
-18540
-26917
2655
47157
23664
-31351
-20032
40756
29008
12184
-25550
-45639
29949
29464
-33502
-21297
19400
26509
34134
33963
8034
19298
-45371
-38067
6078
-49772
32930
9610
-15375
7252
-12165
43283
-6678
-22166
45445
-13327
42461
42432
20179
-48467
22201
-29361
-23413
-48138
8432
18007
20229
-29743
17355
17056
1524
24681
-31868
-35234
-40576
47151
-14972
-16563
-373
21811
-42754
-24699
-38635
2691
-43840
-33214
-14607
3096
-92
2038
11614
35937
-45322
-22255
34571
22286
-5844
-3031
19469
11921
-18497
-19438
3664
-650
-150
785
40597
-41438
2336
-45596
-32112
1566
18467
-35528
-43024
26139
16996
-2392
15520
32340
-42030
979
36054
-9920
-48257
17577
-45129
-7095
19114
-42555
-3823
24519
13135
32111
5947
-30640
-32523
-7142
-10831
40953
31782
25465
-43701
22073
1364
31021
9723
-551
35255
-35933
-40924
43520
-37926
45232
-34425
18223
12577
18033
29665
-45695
-8502
46301
6585
-9565
45375
25506
12274
-46139
-21021
-29261
23755
47104
16566
-47832
-41620
48424
-34846
-26814
-24106
-34957
-26882
9354
46096
25489
-48997
4953
44455
10898
-26307
5714
-7480
-47486
15533
-48911
-35769
-15536
30813
42381
39409
43858
44820
-45183
-29917
-38870
-45527
5526
7467
-12440
-45633
18982
32336
36337
31583
10510
39555
4447
22332
28255
32939
38755
49215
45286
9097
-48582
-12748
24426
32357
-29295
23893
48628
-931
27904
-39517
39404
41169
-46104
-25254
-7660
-44479
-15829
13918
34565
-12947
36912
-29825
-2570
-21608
-45958
20795
-22118
47182
22966
-16642
28263
-30517
-32933
2635
46131
9959
27653
39901
-15219
19715
3267
-13986
31713
41430
-26929
-42128
45777
-36593
-19986
275
6119
-36128
-37250