-49993
-49992
-49978
-49972
-49942
-49934
-49920
-49911
-49879
-49840
-49811
-49809
-49765
-49754
-49739
-49736
-49715
-49683
-49669
-49659
-49640
-49631
-49546
-49537
-49523
-49522
-49499
-49489
-49480
-49461
-49447
-49410
-49403
-49355
-49336
-49300
-49283
-49232
-49225
-49176
-49125
-49122
-49119
-49112
-49105
-49101
-49083
-49070
-49028
-49000
-48950
-48936
-48916
-48900
-48879
-48821
-48782
-48758
-48748
-48743
-48699
-48689
-48661
-48634
-48593
-48582
-48574
-48557
-48507
-48500
-48499
-48454
-48450
-48416
-48391
-48386
-48383
-48373
-48352
-48227
-48157
-48141
-48140
-48125
-48085
-48030
-48028
-48025
-47981
-47956
-47925
-47908
-47895
-47876
-47867
-47865
-47854
-47846
-47841
-47837
-47797
-47769
-47768
-47743
-47721
-47705
-47675
-47670
-47643
-47635
-47626
-47624
-47591
-47545
-47511
-47458
-47450
-47435
-47433
-47392
-47318
-47317
-47316
-47311
-47221
-47205
-47202
-47177
-47172
-47171
-47131
-47130
-47125
-47122
-47100
-47096
-47085
-47077
-47063
-47032
-47027
-47000
-46963
-46945
-46917
-46902
-46873
-46859
-46834
-46823
-46776
-46753
-46747
-46736
-46731
-46724
-46711
-46686
-46677
-46676
-46656
-46608
-46587
-46568
-46549
-46508
-46499
-46493
-46489
-46418
-46416
-46366
-46337
-46319
-46288
-46286
-46280
-46279
-46260
-46244
-46236
-46230
-46220
-46214
-46213
-46209
-46108
-46006
-46003
-45977
-45975
-45970
-45965
-45896
-45891
-45868
-45833
-45826
-45818
-45783
-45752
-45744
-45715
-45709
-45708
-45662
-45640
-45613
-45574
-45569
-45563
-45561
-45553
-45516
-45510
-45498
-45492
-45465
-45463
-45425
-45383
-45371
-45359
-45334
-45300
-45276
-45269
-45266
-45265
-45256
-45233
-45213
-45187
-45183
-45172
-45167
-45154
-45130
-45123
-45111
-45056
-45033
-44974
-44965
-44944
-44941
-44934
-44926
-44916
-44865
-44863
-44849
-44841
-44827
-44823
-44700
-44692
-44670
-44648
-44606
-44604
-44588
-44562
-44554
-44546
-44539
-44533
-44504
-44433
-44399
-44396
-44394
-44379
-44335
-44276
-44222
-44149
-44105
-44104
-44058
-44004
-43943
-43866
-43864
-43850
-43848
-43845
-43839
-43835
-43828
-43821
-43806
-43803
-43778
-43730
-43714
-43695
-43692
-43676
-43661
-43659
-43647
-43624
-43559
-43520
-43482
-43416
-43395
-43390
-43382
-43366
-43361
-43323
-43297
-43289
-43254
-43250
-43243
-43233
-43148
-43132
-43119
-43096
-43017
-43016
-43009
-42980
-42966
-42965
-42955
-42949
-42945
-42906
-42851
-42831
-42825
-42811
-42808
-42804
-42784
-42779
-42758
-42750
-42732
-42704
-42690
-42676
-42666
-42665
-42606
-42518
-42482
-42477
-42471
-42466
-42449
-42447
-42438
-42394
-42371
-42354
-42306
-42192
-42164
-42146
-42133
-42114
-42113
-42106
-42105
-42072
-42026
-41991
-41979
-41966
-41948
-41937
-41928
-41912
-41892
-41870
-41828
-41826
-41809
-41790
-41765
-41762
-41755
-41723
-41690
-41678
-41674
-41644
-41632
-41625
-41616
-41525
-41515
-41501
-41494
-41453
-41447
-41440
-41415
-41408
-41407
-41400
-41392
-41371
-41291
-41266
-41262
-41235
-41232
-41165
-41110
-41099
-41068
-41014
-40981
-40953
-40952
-40951
-40932
-40928
-40920
-40912
-40911
-40905
-40902
-40886
-40872
-40835
-40821
-40772
-40767
-40759
-40744
-40729
-40711
-40706
-40702
-40676
-40650
-40616
-40606
-40603
-40590
-40540
-40533
-40526
-40496
-40484
-40470
-40453
-40444
-40413
-40400
-40399
-40345
-40341
-40325
-40315
-40264
-40257
-40254
-40246
-40226
-40215
-40205
-40202
-40193
-40148
-40095
-40055
-40050
-40043
-40028
-40019
-39971
-39968
-39965
-39954
-39945
-39927
-39900
-39896
-39885
-39865
-39853
-39797
-39773
-39772
-39768
-39767
-39748
-39667
-39630
-39616
-39599
-39565
-39562
-39524
-39504
-39487
-39402
-39388
-39384
-39371
-39357
-39352
-39334
-39333
-39310
-39282
-39281
-39273
-39256
-39251
-39249
-39246
-39217
-39184
-39176
-39159
-39136
-39127
-39083
-39076
-39056
-39033
-39014
-39003
-38994
-38970
-38961
-38954
-38942
-38936
-38929
-38919
-38916
-38915
-38914
-38873
-38871
-38870
-38859
-38854
-38840
-38806
-38788
-38767
-38750
-38749
-38713
-38706
-38702
-38694
-38680
-38679
-38639
-38634
-38593
-38587
-38584
-38540
-38533
-38529
-38524
-38476
-38471
-38449
-38440
-38435
-38416
-38368
-38335
-38289
-38242
-38231
-38217
-38212
-38197
-38113
-38108
-38071
-38060
-38055
-37972
-37885
-37878
-37867
-37863
-37858
-37835
-37796
-37788
-37758
-37733
-37727
-37705
-37697
-37686
-37623
-37612
-37578
-37506
-37491
-37481
-37456
-37455
-37446
-37376
-37336
-37323
-37314
-37312
-37287
-37275
-37267
-37237
-37225
-37206
-37192
-37152
-37102
-37092
-37056
-37000
-36986
-36980
-36925
-36911
-36853
-36826
-36740
-36701
-36689
-36664
-36646
-36636
-36568
-36566
-36560
-36495
-36475
-36435
-36404
-36394
-36363
-36347
-36344
-36343
-36307
-36251
-36212
-36178
-36168
-36130
-36127
-36119
-36086
-36078
-36040
-35988
-35986
-35973
-35948
-35933
-35920
-35914
-35911
-35876
-35858
-35841
-35824
-35796
-35779
-35774
-35741
-35740
-35739
-35724
-35682
-35667
-35618
-35585
-35577
-35502
-35463
-35449
-35383
-35380
-35376
-35332
-35313
-35311
-35309
-35279
-35277
-35238
-35232
-35217
-35148
-35054
-35035
-35027
-35013
-34979
-34941
-34933
-34819
-34800
-34793
-34772
-34756
-34755
-34750
-34741
-34738
-34720
-34697
-34647
-34642
-34632
-34625
-34612
-34592
-34590
-34586
-34571
-34554
-34550
-34539
-34537
-34518
-34506
-34486
-34479
-34473
-34454
-34448
-34440
-34420
-34394
-34380
-34364
-34356
-34347
-34330
-34321
-34286
-34273
-34181
-34166
-34158
-34149
-34117
-34115
-34096
-34086
-34073
-34062
-34044
-34010
-34001
-33995
-33983
-33960
-33946
-33847
-33823
-33788
-33782
-33781
-33773
-33757
-33708
-33706
-33696
-33695
-33598
-33590
-33584
-33578
-33540
-33523
-33467
-33464
-33449
-33442
-33436
-33412
-33409
-33386
-33374
-33352
-33338
-33304
-33303
-33298
-33282
-33271
-33269
-33261
-33255
-33240
-33227
-33206
-33197
-33196
-33129
-33109
-33085
-33083
-33035
-32972
-32969
-32956
-32929
-32889
-32849
-32841
-32817
-32730
-32711
-32707
-32706
-32696
-32694
-32684
-32683
-32680
-32668
-32667
-32646
-32635
-32625
-32617
-32607
-32555
-32546
-32537
-32524
-32519
-32518
-32482
-32473
-32433
-32431
-32427
-32359
-32357
-32349
-32319
-32316
-32254
-32249
-32213
-32201
-32188
-32185
-32176
-32161
-32146
-32137
-32134
-32128
-32121
-32116
-32100
-32089
-32086
-32082
-32055
-32040
-32025
-32015
-32002
-32001
-31995
-31979
-31974
-31961
-31948
-31918
-31890
-31877
-31868
-31859
-31841
-31839
-31804
-31787
-31762
-31761
-31753
-31734
-31708
-31685
-31672
-31667
-31665
-31639
-31632
-31597
-31566
-31544
-31522
-31511
-31481
-31432
-31429
-31419
-31407
-31406
-31401
-31354
-31331
-31288
-31279
-31254
-31232
-31222
-31197
-31193
-31185
-31096
-31081
-31066
-31049
-30987
-30982
-30981
-30940
-30902
-30884
-30866
-30864
-30850
-30829
-30823
-30812
-30783
-30754
-30738
-30733
-30687
-30638
-30637
-30636
-30608
-30593
-30584
-30488
-30461
-30450
-30412
-30401
-30244
-30242
-30238
-30228
-30221
-30185
-30177
-30176
-30161
-30154
-30119
-30101
-30062
-30054
-30053
-30051
-30007
-29997
-29980
-29970
-29967
-29959
-29912
-29894
-29762
-29757
-29754
-29665
-29661
-29655
-29600
-29565
-29538
-29535
-29521
-29518
-29498
-29476
-29473
-29453
-29441
-29418
-29405
-29365
-29348
-29339
-29329
-29309
-29284
-29281
-29268
-29256
-29237
-29231
-29229
-29221
-29197
-29166
-29033
-29028
-29020
-29005
-28991
-28975
-28966
-28961
-28936
-28908
-28889
-28885
-28880
-28863
-28772
-28761
-28742
-28737
-28642
-28632
-28624
-28605
-28587
-28581
-28539
-28523
-28478
-28455
-28435
-28426
-28414
-28391
-28388
-28361
-28259
-28245
-28227
-28213
-28212
-28202
-28186
-28138
-28112
-28093
-28090
-28084
-28080
-28073
-28063
-28060
-28029
-27989
-27988
-27974
-27940
-27909
-27903
-27885
-27884
-27872
-27812
-27790
-27773
-27741
-27732
-27725
-27716
-27710
-27700
-27696
-27663
-27662
-27626
-27608
-27606
-27590
-27562
-27549
-27536
-27486
-27475
-27470
-27419
-27416
-27385
-27227
-27225
-27198
-27171
-27144
-27140
-27121
-27095
-27065
-27053
-27043
-27035
-27025
-27022
-27020
-27019
-27015
-27001
-27000
-26982
-26965
-26964
-26955
-26953
-26930
-26918
-26904
-26899
-26865
-26861
-26847
-26836
-26826
-26814
-26796
-26761
-26746
-26722
-26634
-26616
-26575
-26535
-26486
-26367
-26338
-26323
-26260
-26249
-26245
-26237
-26230
-26226
-26206
-26201
-26151
-26139
-26132
-26093
-26092
-26062
-26055
-26041
-26034
-25984
-25940
-25870
-25849
-25847
-25844
-25842
-25818
-25810
-25762
-25742
-25703
-25690
-25660
-25647
-25568
-25485
-25466
-25454
-25404
-25401
-25392
-25385
-25383
-25360
-25356
-25343
-25331
-25326
-25323
-25272
-25254
-25205
-25103
-25097
-25086
-25069
-25064
-25057
-25049
-25044
-25019
-25016
-24987
-24980
-24966
-24965
-24952
-24944
-24940
-24928
-24917
-24916
-24898
-24894
-24886
-24857
-24853
-24852
-24819
-24798
-24791
-24779
-24759
-24705
-24641
-24640
-24627
-24625
-24611
-24579
-24570
-24569
-24564
-24539
-24520
-24455
-24440
-24418
-24404
-24373
-24371
-24341
-24333
-24303
-24302
-24287
-24271
-24265
-24248
-24221
-24212
-24210
-24189
-24178
-24164
-24152
-24102
-24047
-24025
-24013
-24010
-24001
-23991
-23985
-23980
-23962
-23943
-23921
-23907
-23896
-23888
-23885
-23876
-23871
-23851
-23846
-23813
-23809
-23792
-23770
-23767
-23765
-23749
-23730
-23724
-23701
-23695
-23672
-23664
-23654
-23652
-23643
-23619
-23615
-23600
-23593
-23575
-23571
-23544
-23538
-23500
-23489
-23449
-23442
-23439
-23438
-23437
-23401
-23397
-23380
-23376
-23359
-23341
-23296
-23289
-23288
-23279
-23277
-23263
-23257
-23230
-23190
-23163
-23110
-23078
-23030
-23029
-23022
-23016
-23004
-22920
-22915
-22912
-22832
-22822
-22819
-22806
-22802
-22790
-22789
-22741
-22723
-22711
-22689
-22677
-22648
-22601
-22571
-22569
-22551
-22542
-22540
-22456
-22435
-22429
-22414
-22406
-22395
-22327
-22315
-22314
-22303
-22262
-22239
-22205
-22174
-22131
-22045
-22025
-22012
-21995
-21992
-21976
-21967
-21948
-21947
-21925
-21922
-21915
-21888
-21884
-21866
-21849
-21840
-21701
-21671
-21649
-21628
-21605
-21592
-21550
-21540
-21500
-21445
-21442
-21433
-21411
-21388
-21373
-21372
-21366
-21317
-21286
-21285
-21256
-21241
-21215
-21202
-21166
-21150
-21144
-21139
-21132
-21131
-21122
-21117
-21062
-21040
-21021
-21009
-21008
-20934
-20927
-20915
-20914
-20906
-20894
-20862
-20850
-20844
-20834
-20807
-20789
-20785
-20722
-20720
-20705
-20692
-20683
-20679
-20661
-20647
-20646
-20638
-20626
-20602
-20572
-20569
-20534
-20489
-20453
-20442
-20413
-20408
-20386
-20332
-20329
-20326
-20299
-20294
-20285
-20284
-20276
-20271
-20268
-20219
-20187
-20169
-20132
-20129
-20090
-20042
-20039
-20010
-19995
-19960
-19897
-19882
-19843
-19819
-19812
-19811
-19803
-19788
-19783
-19761
-19710
-19708
-19667
-19662
-19656
-19611
-19589
-19548
-19525
-19504
-19499
-19496
-19475
-19470
-19459
-19452
-19409
-19352
-19350
-19330
-19304
-19287
-19281
-19244
-19232
-19209
-19180
-19150
-19131
-19130
-19091
-19083
-19041
-19030
-19026
-19022
-18971
-18937
-18910
-18879
-18853
-18843
-18842
-18801
-18756
-18735
-18730
-18698
-18690
-18631
-18623
-18602
-18580
-18579
-18571
-18561
-18496
-18481
-18432
-18393
-18387
-18384
-18318
-18317
-18311
-18277
-18228
-18204
-18201
-18195
-18182
-18142
-18137
-18125
-18104
-18100
-18063
-18059
-18033
-18030
-18027
-18014
-17996
-17992
-17960
-17944
-17936
-17905
-17898
-17890
-17868
-17860
-17828
-17824
-17804
-17792
-17791
-17785
-17759
-17736
-17730
-17719
-17709
-17705
-17697
-17671
-17665
-17631
-17625
-17601
-17577
-17576
-17540
-17457
-17423
-17413
-17390
-17370
-17365
-17337
-17327
-17314
-17302
-17292
-17273
-17258
-17182
-17178
-17169
-17162
-17146
-17138
-17137
-17123
-17090
-17073
-17061
-17058
-17041
-17014
-16975
-16974
-16945
-16931
-16919
-16918
-16866
-16833
-16808
-16806
-16798
-16764
-16734
-16665
-16644
-16640
-16615
-16580
-16576
-16570
-16556
-16516
-16502
-16500
-16470
-16430
-16421
-16380
-16346
-16338
-16272
-16174
-16168
-16164
-16146
-16123
-16074
-16037
-16011
-16010
-15976
-15951
-15944
-15926
-15921
-15896
-15863
-15828
-15824
-15769
-15758
-15753
-15746
-15736
-15721
-15702
-15671
-15636
-15628
-15626
-15619
-15588
-15587
-15580
-15572
-15516
-15500
-15488
-15450
-15411
-15404
-15371
-15350
-15347
-15324
-15301
-15296
-15250
-15218
-15217
-15197
-15188
-15154
-15134
-15132
-15122
-15063
-15005
-14961
-14944
-14939
-14847
-14833
-14831
-14822
-14806
-14775
-14766
-14762
-14751
-14748
-14719
-14715
-14703
-14649
-14568
-14567
-14527
-14516
-14514
-14508
-14494
-14476
-14450
-14446
-14439
-14422
-14353
-14328
-14320
-14316
-14245
-14238
-14235
-14233
-14231
-14220
-14207
-14202
-14170
-14165
-14124
-14067
-14039
-14037
-14036
-14027
-14022
-14021
-14000
-13968
-13951
-13948
-13908
-13903
-13889
-13880
-13862
-13828
-13821
-13807
-13803
-13775
-13757
-13744
-13731
-13729
-13728
-13715
-13702
-13661
-13632
-13627
-13596
-13593
-13581
-13576
-13569
-13560
-13511
-13500
-13494
-13491
-13485
-13470
-13467
-13440
-13386
-13377
-13338
-13311
-13296
-13284
-13282
-13242
-13225
-13189
-13183
-13163
-13150
-13069
-13064
-13045
-13034
-12998
-12978
-12969
-12960
-12942
-12932
-12895
-12836
-12830
-12805
-12719
-12703
-12693
-12649
-12589
-12579
-12542
-12519
-12495
-12485
-12479
-12475
-12469
-12454
-12443
-12441
-12398
-12395
-12380
-12371
-12363
-12354
-12353
-12333
-12272
-12262
-12260
-12223
-12182
-12138
-12116
-12102
-12091
-12062
-12052
-12049
-12047
-12042
-12024
-11970
-11968
-11964
-11951
-11948
-11897
-11836
-11806
-11761
-11720
-11699
-11675
-11579
-11572
-11571
-11548
-11536
-11535
-11525
-11517
-11480
-11458
-11450
-11430
-11416
-11402
-11401
-11398
-11387
-11360
-11357
-11351
-11348
-11276
-11241
-11219
-11205
-11200
-11181
-11134
-11106
-11091
-11073
-11048
-11043
-11037
-11033
-11017
-11003
-10989
-10980
-10965
-10964
-10940
-10937
-10930
-10915
-10914
-10878
-10871
-10848
-10841
-10816
-10814
-10811
-10732
-10705
-10682
-10681
-10676
-10670
-10661
-10659
-10658
-10653
-10640
-10622
-10591
-10590
-10526
-10510
-10508
-10502
-10494
-10473
-10471
-10453
-10451
-10429
-10428
-10384
-10368
-10357
-10356
-10315
-10307
-10252
-10249
-10244
-10238
-10223
-10169
-10109
-10105
-10098
-10087
-10059
-10026
-10000
-9963
-9962
-9959
-9950
-9947
-9942
-9896
-9886
-9877
-9860
-9819
-9811
-9795
-9761
-9749
-9745
-9724
-9697
-9645
-9545
-9482
-9472
-9470
-9443
-9435
-9406
-9403
-9393
-9366
-9354
-9347
-9302
-9259
-9246
-9242
-9227
-9217
-9170
-9166
-9152
-9147
-9099
-9088
-9078
-9062
-9044
-9024
-9022
-8954
-8952
-8940
-8926
-8922
-8835
-8834
-8823
-8806
-8801
-8784
-8750
-8746
-8731
-8723
-8709
-8665
-8657
-8639
-8626
-8614
-8603
-8588
-8571
-8564
-8556
-8554
-8507
-8486
-8477
-8454
-8415
-8389
-8386
-8373
-8372
-8362
-8361
-8355
-8350
-8346
-8309
-8257
-8188
-8182
-8170
-8101
-8087
-8083
-8060
-8055
-8038
-8035
-8031
-8000
-7965
-7942
-7933
-7882
-7879
-7867
-7857
-7851
-7829
-7820
-7817
-7812
-7806
-7788
-7786
-7773
-7767
-7756
-7754
-7713
-7706
-7700
-7637
-7615
-7602
-7521
-7512
-7453
-7438
-7421
-7410
-7398
-7390
-7374
-7345
-7343
-7340
-7335
-7327
-7319
-7293
-7279
-7277
-7181
-7179
-7166
-7111
-7109
-7102
-7100
-7065
-7037
-7036
-6984
-6952
-6947
-6922
-6920
-6864
-6859
-6848
-6812
-6777
-6751
-6749
-6729
-6723
-6711
-6695
-6668
-6663
-6655
-6559
-6554
-6529
-6524
-6509
-6455
-6445
-6406
-6377
-6367
-6366
-6363
-6342
-6335
-6331
-6315
-6263
-6249
-6237
-6222
-6196
-6175
-6171
-6163
-6120
-6114
-6089
-6058
-6035
-6034
-5993
-5990
-5981
-5968
-5958
-5948
-5872
-5864
-5856
-5839
-5823
-5818
-5791
-5788
-5754
-5750
-5723
-5711
-5696
-5650
-5649
-5615
-5606
-5566
-5541
-5514
-5496
-5477
-5460
-5453
-5452
-5451
-5442
-5441
-5427
-5419
-5409
-5406
-5311
-5299
-5267
-5242
-5231
-5185
-5184
-5176
-5164
-5134
-5124
-5080
-5072
-5038
-4974
-4944
-4866
-4861
-4857
-4822
-4809
-4805
-4780
-4740
-4727
-4687
-4679
-4677
-4676
-4667
-4663
-4603
-4600
-4554
-4539
-4484
-4449
-4421
-4407
-4395
-4390
-4347
-4341
-4326
-4313
-4311
-4277
-4257
-4229
-4222
-4211
-4168
-4146
-4112
-4104
-4102
-4076
-4068
-4063
-4042
-4032
-3961
-3936
-3919
-3832
-3823
-3811
-3807
-3804
-3767
-3738
-3736
-3720
-3706
-3663
-3641
-3627
-3620
-3574
-3557
-3550
-3503
-3484
-3412
-3394
-3393
-3351
-3296
-3291
-3282
-3277
-3275
-3265
-3261
-3255
-3231
-3227
-3222
-3208
-3201
-3181
-3179
-3146
-3092
-3073
-3071
-3024
-3014
-2968
-2960
-2914
-2899
-2878
-2859
-2802
-2801
-2721
-2707
-2706
-2696
-2681
-2680
-2679
-2678
-2653
-2652
-2634
-2613
-2597
-2594
-2592
-2587
-2561
-2540
-2512
-2482
-2460
-2442
-2418
-2402
-2390
-2344
-2330
-2308
-2280
-2278
-2274
-2260
-2251
-2244
-2127
-2121
-2064
-2047
-2033
-2025
-2015
-1975
-1948
-1947
-1938
-1936
-1935
-1918
-1911
-1876
-1873
-1846
-1845
-1799
-1786
-1766
-1751
-1736
-1717
-1704
-1694
-1693
-1683
-1673
-1664
-1655
-1647
-1629
-1593
-1592
-1540
-1528
-1515
-1511
-1499
-1441
-1434
-1411
-1401
-1383
-1342
-1267
-1266
-1247
-1235
-1231
-1195
-1173
-1157
-1152
-1139
-1136
-1134
-1133
-1131
-1107
-1096
-1048
-926
-910
-886
-885
-879
-868
-851
-844
-816
-814
-807
-805
-796
-770
-762
-730
-725
-720
-719
-698
-684
-658
-654
-648
-646
-627
-602
-587
-555
-524
-513
-504
-501
-497
-466
-441
-433
-360
-354
-349
-348
-340
-332
-330
-256
-244
-210
-193
-170
-164
-156
-134
-105
-94
-89
-11
-10
35
43
53
61
84
122
140
141
143
158
184
187
191
197
201
212
261
272
289
290
293
337
339
348
366
374
375
395
446
456
461
472
477
504
537
587
626
634
645
683
746
749
756
762
779
782
812
824
869
877
878
888
897
906
951
954
968
1071
1104
1105
1110
1112
1113
1122
1130
1183
1185
1190
1191
1194
1223
1251
1263
1281
1287
1314
1338
1379
1385
1388
1399
1423
1431
1453
1455
1489
1535
1582
1601
1617
1619
1626
1629
1653
1660
1674
1701
1731
1763
1773
1797
1822
1826
1849
1875
1897
1904
1906
1917
1945
1960
1976
2045
2071
2073
2082
2110
2132
2186
2201
2205
2208
2210
2213
2217
2227
2228
2230
2232
2244
2256
2264
2265
2290
2312
2377
2393
2404
2411
2435
2451
2454
2456
2473
2525
2529
2584
2644
2676
2680
2689
2698
2711
2720
2723
2734
2735
2783
2804
2811
2823
2884
2895
2922
2923
2930
2941
2985
2994
3007
3010
3040
3043
3046
3047
3051
3067
3115
3124
3127
3133
3161
3278
3288
3294
3301
3306
3315
3318
3330
3391
3397
3429
3438
3455
3504
3518
3520
3534
3546
3555
3605
3633
3646
3655
3657
3671
3676
3689
3697
3698
3735
3777
3783
3806
3807
3808
3818
3863
3887
3888
3904
3910
3920
3934
3955
3964
3990
4013
4024
4091
4093
4094
4102
4117
4120
4128
4167
4170
4196
4227
4240
4242
4282
4310
4347
4387
4405
4424
4437
4438
4442
4443
4451
4454
4458
4461
4474
4550
4560
4575
4598
4606
4621
4632
4646
4668
4687
4699
4727
4749
4753
4755
4782
4805
4809
4874
4902
4907
4919
4952
4993
4995
5014
5039
5046
5061
5081
5107
5140
5141
5217
5286
5295
5301
5312
5326
5351
5374
5379
5428
5470
5473
5475
5482
5507
5546
5550
5604
5606
5659
5679
5695
5699
5707
5737
5758
5780
5807
5813
5855
5857
5860
5868
5914
5930
5932
5971
5975
6017
6028
6044
6057
6114
6119
6131
6133
6171
6183
6187
6274
6295
6312
6338
6381
6384
6385
6421
6433
6469
6490
6497
6540
6558
6588
6606
6607
6640
6660
6664
6665
6693
6703
6752
6753
6760
6762
6764
6769
6777
6797
6835
6841
6843
6849
6853
6870
6874
6891
6897
6918
6923
6945
7011
7047
7065
7076
7091
7114
7142
7161
7168
7215
7218
7286
7297
7299
7311
7317
7369
7383
7398
7406
7437
7500
7524
7557
7577
7585
7602
7635
7646
7666
7693
7701
7740
7743
7751
7763
7769
7771
7776
7780
7785
7805
7807
7825
7853
7879
7882
7894
7911
7965
8015
8044
8105
8123
8129
8139
8146
8150
8166
8180
8188
8235
8261
8271
8336
8377
8404
8430
8437
8457
8459
8464
8481
8513
8532
8585
8617
8641
8648
8669
8715
8717
8737
8748
8749
8770
8775
8795
8845
8849
8885
8936
8979
9010
9031
9054
9069
9089
9123
9124
9141
9145
9157
9167
9172
9184
9185
9191
9201
9213
9228
9256
9278
9286
9307
9318
9337
9345
9366
9371
9402
9416
9436
9451
9473
9497
9512
9538
9565
9584
9595
9599
9610
9706
9737
9777
9805
9818
9819
9859
9867
9875
9877
9900
9932
9951
10001
10023
10024
10027
10033
10054
10074
10100
10107
10138
10140
10159
10162
10178
10218
10257
10271
10275
10327
10351
10353
10358
10370
10388
10397
10401
10414
10483
10498
10537
10567
10588
10594
10618
10641
10647
10651
10672
10690
10697
10721
10798
10799
10815
10816
10919
10933
10986
11030
11033
11060
11062
11073
11162
11167
11174
11206
11218
11227
11234
11239
11284
11299
11304
11309
11330
11332
11335
11359
11384
11392
11400
11414
11456
11461
11484
11515
11516
11520
11548
11550
11571
11591
11609
11632
11645
11665
11682
11690
11693
11697
11702
11736
11742
11757
11759
11790
11791
11801
11824
11833
11882
11955
11960
11962
11984
11988
11989
12018
12023
12034
12039
12098
12126
12127
12130
12147
12158
12221
12233
12251
12268
12275
12285
12288
12302
12328
12341
12370
12377
12391
12398
12405
12475
12508
12510
12531
12532
12549
12575
12639
12652
12659
12692
12701
12710
12721
12723
12736
12770
12806
12854
12860
12866
12927
12941
12943
12974
12984
12998
13004
13044
13080
13104
13107
13117
13155
13156
13165
13207
13211
13229
13278
13311
13318
13332
13334
13351
13352
13388
13391
13412
13425
13442
13493
13505
13519
13536
13578
13585
13601
13602
13609
13617
13694
13719
13728
13776
13787
13790
13881
13882
13899
13915
14004
14033
14034
14042
14048
14051
14056
14072
14098
14107
14133
14167
14180
14193
14202
14210
14243
14268
14274
14285
14314
14333
14339
14346
14351
14465
14472
14486
14497
14518
14565
14592
14595
14643
14644
14662
14694
14695
14771
14786
14803
14813
14817
14823
14858
14898
14926
14929
14975
14984
14991
14993
15001
15002
15014
15017
15066
15123
15142
15143
15184
15210
15213
15245
15249
15268
15291
15298
15345
15351
15373
15417
15508
15515
15529
15538
15590
15607
15621
15639
15643
15651
15669
15706
15737
15741
15827
15881
15905
15986
15989
16008
16013
16048
16073
16080
16111
16113
16165
16215
16227
16261
16302
16313
16329
16350
16382
16392
16443
16445
16519
16553
16561
16573
16584
16588
16603
16613
16619
16700
16717
16718
16722
16735
16790
16803
16824
16847
16859
16861
16864
16880
16889
16898
16906
16941
16957
16973
17011
17022
17027
17043
17045
17053
17072
17089
17096
17099
17117
17124
17132
17135
17166
17169
17171
17197
17231
17240
17254
17279
17309
17319
17339
17364
17383
17384
17402
17405
17415
17429
17462
17568
17577
17599
17616
17672
17677
17690
17691
17710
17748
17756
17760
17762
17794
17811
17823
17827
17839
17880
17888
17904
17932
17973
18031
18079
18126
18160
18167
18179
18198
18213
18248
18255
18315
18321
18342
18354
18366
18375
18397
18425
18448
18459
18528
18556
18560
18568
18573
18597
18607
18612
18654
18708
18752
18785
18789
18795
18808
18833
18843
18897
18920
18935
18936
18940
18953
18965
18978
19076
19086
19111
19207
19216
19248
19265
19277
19396
19404
19411
19467
19471
19491
19517
19552
19553
19574
19582
19591
19592
19606
19607
19629
19636
19667
19696
19731
19742
19744
19757
19877
19886
19890
19903
19928
19953
19959
19966
19983
19995
20000
20034
20040
20043
20053
20054
20059
20080
20117
20120
20123
20132
20151
20189
20204
20221
20237
20241
20255
20289
20293
20332
20338
20356
20387
20431
20433
20442
20451
20494
20499
20521
20529
20592
20640
20649
20660
20685
20701
20721
20766
20781
20787
20820
20833
20869
20875
20897
20906
20920
20945
20960
21005
21017
21020
21066
21131
21171
21207
21233
21236
21241
21293
21301
21321
21367
21446
21494
21496
21511
21528
21542
21550
21551
21559
21561
21562
21568
21606
21626
21645
21656
21679
21701
21716
21731
21753
21756
21832
21843
21878
21883
21885
21989
22004
22032
22034
22035
22036
22047
22060
22061
22089
22104
22122
22123
22129
22139
22177
22190
22193
22207
22211
22234
22238
22254
22262
22273
22290
22294
22314
22321
22355
22362
22407
22460
22470
22502
22508
22514
22530
22533
22534
22538
22569
22581
22602
22615
22655
22664
22684
22688
22726
22787
22805
22812
22814
22847
22870
22878
22894
22908
22910
22931
22936
22938
22952
22959
22962
23020
23067
23074
23078
23093
23104
23117
23152
23156
23158
23170
23184
23193
23197
23198
23201
23206
23216
23232
23246
23251
23323
23350
23355
23402
23450
23485
23539
23556
23560
23568
23575
23595
23619
23702
23705
23726
23734
23735
23756
23773
23825
23828
23851
23865
23886
23897
23908
23925
23968
23981
23996
24043
24058
24076
24087
24094
24128
24173
24175
24180
24191
24200
24229
24235
24240
24257
24261
24276
24306
24343
24369
24391
24424
24535
24586
24591
24605
24609
24617
24659
24677
24739
24746
24828
24833
24862
24895
24903
24926
24932
24955
24956
24957
25017
25054
25081
25097
25113
25160
25173
25204
25258
25262
25296
25362
25370
25374
25380
25381
25387
25390
25458
25468
25473
25505
25515
25526
25529
25533
25558
25567
25595
25601
25614
25631
25634
25713
25726
25744
25756
25760
25839
25842
25859
25870
25884
25905
25909
25917
25942
25980
25982
25984
26004
26064
26074
26112
26118
26121
26165
26182
26209
26219
26303
26310
26319
26320
26341
26348
26356
26390
26469
26490
26566
26648
26650
26662
26701
26702
26789
26794
26809
26819
26835
26854
26907
26916
26927
26948
26958
26966
26975
26978
27007
27009
27012
27016
27020
27054
27065
27086
27100
27114
27117
27127
27133
27144
27174
27208
27226
27248
27291
27294
27316
27320
27335
27350
27363
27410
27424
27470
27471
27494
27505
27507
27540
27555
27582
27660
27662
27664
27670
27688
27712
27717
27728
27740
27773
27778
27790
27810
27841
27866
27870
27891
27896
27903
27914
27936
27988
28015
28050
28062
28071
28087
28145
28167
28182
28197
28205
28215
28243
28258
28297
28306
28312
28322
28372
28407
28419
28455
28485
28509
28512
28514
28537
28553
28612
28618
28632
28730
28734
28736
28749
28766
28772
28787
28821
28860
28876
28908
28925
28927
28941
28989
28993
28995
29023
29059
29070
29103
29110
29111
29116
29143
29150
29164
29168
29187
29208
29210
29225
29268
29270
29308
29353
29369
29371
29380
29393
29412
29449
29470
29486
29525
29533
29543
29551
29560
29567
29580
29614
29618
29639
29645
29659
29671
29709
29779
29795
29819
29865
29870
29908
29917
29949
29968
29984
29993
29995
30006
30086
30096
30150
30159
30172
30197
30243
30257
30265
30273
30280
30292
30304
30311
30341
30342
30368
30400
30404
30411
30416
30427
30438
30443
30467
30498
30500
30501
30513
30514
30524
30532
30558
30574
30576
30599
30637
30712
30714
30752
30765
30769
30778
30781
30782
30798
30811
30818
30830
30871
30874
30895
30921
30929
30982
30997
30999
31028
31068
31095
31104
31107
31131
31144
31181
31192
31241
31247
31293
31305
31311
31315
31357
31362
31383
31385
31397
31400
31446
31449
31500
31511
31564
31596
31600
31660
31664
31675
31686
31694
31724
31729
31765
31793
31811
31836
31844
31904
31926
31953
31971
31975
32002
32046
32058
32066
32137
32159
32165
32168
32179
32214
32224
32251
32278
32286
32304
32349
32370
32377
32395
32409
32425
32435
32450
32478
32490
32494
32499
32505
32511
32534
32542
32555
32593
32617
32653
32655
32658
32659
32671
32674
32734
32757
32761
32782
32803
32807
32810
32820
32823
32837
32862
32865
32875
32893
32955
32972
32987
33000
33037
33090
33097
33111
33119
33133
33166
33185
33190
33195
33200
33222
33245
33248
33297
33299
33321
33327
33376
33406
33461
33498
33503
33507
33508
33517
33545
33559
33572
33594
33597
33636
33688
33737
33740
33756
33761
33772
33787
33796
33837
33849
33875
33895
33896
33900
33905
33930
33958
33983
33997
33998
34003
34007
34074
34103
34129
34145
34164
34175
34197
34276
34291
34314
34344
34370
34482
34485
34500
34504
34508
34527
34568
34570
34571
34573
34620
34624
34641
34677
34727
34815
34818
34840
34845
34879
34905
34926
34979
34986
35003
35005
35018
35028
35051
35052
35059
35073
35104
35129
35169
35266
35326
35377
35384
35387
35394
35412
35474
35484
35562
35584
35591
35624
35680
35683
35697
35702
35724
35743
35825
35868
35885
35891
35905
36017
36030
36039
36042
36062
36068
36089
36101
36110
36123
36138
36147
36162
36181
36187
36212
36221
36260
36290
36297
36308
36316
36326
36423
36438
36460
36486
36510
36521
36529
36561
36570
36578
36610
36614
36622
36625
36635
36637
36668
36700
36710
36717
36734
36743
36751
36756
36786
36789
36813
36815
36821
36822
36832
36841
36850
36892
36930
36959
36984
37001
37013
37055
37126
37130
37168
37204
37208
37219
37228
37259
37294
37355
37400
37411
37417
37436
37534
37567
37604
37633
37660
37741
37767
37804
37829
37839
37856
37867
37918
37959
37994
38010
38011
38079
38146
38159
38176
38192
38214
38225
38270
38276
38301
38308
38340
38348
38352
38359
38414
38431
38436
38448
38459
38469
38519
38541
38558
38578
38582
38624
38638
38660
38668
38708
38714
38725
38734
38737
38741
38745
38747
38748
38774
38791
38840
38855
38856
38859
38877
38898
38915
38925
38931
38942
38949
38956
38963
38966
38973
39107
39108
39111
39120
39133
39139
39158
39181
39227
39238
39285
39293
39326
39328
39334
39343
39351
39362
39431
39447
39481
39503
39541
39565
39597
39602
39663
39688
39696
39702
39772
39798
39807
39808
39829
39888
39895
39898
39916
39917
39918
39927
39935
39955
39962
39968
40004
40023
40026
40056
40079
40082
40111
40115
40116
40145
40154
40176
40178
40199
40202
40211
40230
40232
40249
40251
40287
40291
40293
40295
40299
40310
40350
40424
40466
40478
40486
40505
40544
40564
40567
40581
40586
40609
40614
40668
40693
40727
40738
40747
40772
40798
40804
40827
40857
40873
40896
40918
40920
40921
40952
40993
40998
41017
41056
41120
41123
41143
41171
41201
41203
41214
41266
41307
41311
41330
41352
41373
41463
41501
41513
41518
41524
41553
41596
41597
41618
41624
41673
41689
41704
41744
41787
41793
41799
41875
41894
41929
41954
41986
42002
42020
42072
42084
42108
42125
42231
42256
42262
42318
42345
42347
42370
42409
42412
42473
42543
42550
42567
42569
42579
42594
42628
42661
42675
42685
42697
42726
42754
42775
42784
42789
42827
42828
42835
42853
42864
42908
42914
42948
42999
43028
43029
43068
43093
43115
43179
43215
43218
43221
43241
43245
43270
43281
43292
43294
43302
43333
43335
43384
43405
43421
43450
43462
43496
43500
43507
43541
43551
43569
43603
43611
43640
43645
43709
43715
43755
43781
43785
43802
43820
43836
43844
43916
43917
43935
43936
43980
43994
44021
44037
44069
44070
44078
44113
44121
44132
44140
44151
44178
44209
44212
44229
44237
44279
44292
44338
44340
44357
44363
44380
44397
44440
44444
44446
44447
44448
44468
44470
44548
44569
44581
44604
44619
44635
44680
44681
44686
44692
44694
44706
44742
44755
44793
44844
44851
44867
44900
44949
44983
45034
45050
45079
45100
45105
45119
45161
45169
45193
45197
45206
45209
45235
45242
45257
45262
45274
45304
45357
45366
45378
45383
45398
45417
45461
45464
45482
45496
45498
45499
45507
45509
45511
45513
45517
45518
45520
45524
45533
45541
45586
45606
45613
45615
45663
45673
45715
45741
45789
45790
45829
45841
45891
45902
45940
45970
45986
46012
46020
46026
46043
46044
46087
46095
46102
46104
46145
46158
46160
46170
46182
46232
46245
46251
46273
46278
46282
46300
46329
46345
46396
46415
46437
46446
46474
46531
46532
46554
46563
46571
46590
46603
46655
46671
46700
46779
46789
46824
46861
46869
46870
46879
46883
46891
46900
46903
46926
46932
46938
46947
46949
47010
47026
47040
47053
47065
47072
47082
47107
47118
47126
47150
47192
47241
47260
47313
47317
47324
47345
47377
47398
47401
47404
47414
47429
47474
47500
47518
47521
47530
47543
47551
47553
47560
47635
47642
47643
47646
47647
47652
47666
47678
47713
47739
47769
47780
47781
47785
47790
47834
47842
47855
47876
47924
47926
47936
47945
47958
47984
48004
48006
48010
48057
48060
48131
48182
48204
48206
48214
48237
48246
48270
48275
48277
48289
48383
48405
48407
48408
48445
48470
48517
48527
48528
48529
48537
48550
48565
48579
48598
48615
48620
48645
48662
48675
48680
48688
48737
48753
48813
48853
48874
48948
48951
48955
48980
48986
49006
49007
49015
49030
49048
49059
49061
49093
49095
49116
49125
49143
49144
49166
49185
49198
49252
49270
49293
49312
49396
49403
49457
49459
49466
49477
49485
49495
49529
49535
49552
49553
49564
49606
49618
49626
49641
49687
49694
49714
49720
49723
49744
49765
49780
49785
49838
49840
49852
49865
49869
49902
49933
49935
49985