-32766
-32763
9
14
20
32789
24
-32739
-32738
-32731
32808
32810
45
48
32818
-32717
55
60
-32707
-32705
-32700
32837
71
72
73
74
-32691
81
-32685
-32684
-32683
-32680
-32677
32861
32864
-32671
110
112
32885
-32650
-32647
-32640
133
138
-32629
144
32913
147
149
152
-32615
32921
-32613
156
165
166
-32602
32934
32936
32937
32940
32942
32948
-32580
32957
32959
-32576
193
-32574
32967
-32564
-32560
213
-32546
222
-32543
228
235
-32517
33020
-32513
256
33027
262
33031
271
33041
276
33045
-32489
-32485
285
33054
-32481
33061
33063
33064
33070
-32457
33089
322
-32443
33095
33100
335
33106
343
-32421
33115
-32416
-32415
33124
-32411
-32410
-32409
357
359
-32405
367
-32396
384
-32383
33154
-32375
33162
-32374
394
33165
33167
400
33168
33171
-32356
33181
33180
-32351
33189
424
439
33210
443
33213
448
-32319
452
-32310
33232
-32303
-32301
467
33241
478
479
-32284
-32283
-32277
-32276
492
33262
506
509
512
33281
-32254
-32253
-32252
33284
-32246
-32238
-32233
-32231
544
33315
33318
551
-32216
555
556
558
33330
562
33331
567
-32189
33349
33352
33353
-32180
-32178
33360
593
33362
33366
33368
33370
603
-32163
33375
-32157
33383
33388
33390
-32140
33396
33397
33400
33402
-32130
639
640
33409
33413
-32122
645
-32115
655
-32112
660
-32107
-32104
-32102
668
33439
-32085
-32084
689
691
693
33466
702
-32065
33474
-32061
709
-32054
718
-32048
721
724
727
33505
33506
741
-32026
761
33533
-32002
769
776
782
-31983
-31979
-31975
801
803
-31957
-31956
33581
814
-31937
835
33607
-31928
33609
-31925
33613
33619
-31914
858
33629
865
872
33643
-31892
33651
884
886
33655
-31881
-31877
892
894
-31868
905
908
33677
33682
33684
-31849
33690
33700
-31832
-31830
-31829
33711
33714
33725
33728
33730
-31805
-31800
33737
976
33746
33747
982
993
33762
-31773
996
33765
33767
-31767
-31765
33776
1011
33783
-31750
-31748
-31747
1024
1028
-31735
1033
-31733
33805
1038
-31719
33823
1058
1061
1065
-31697
33843
1076
33845
33846
33854
-31674
1094
33865
1102
-31657
-31653
-31652
1119
-31647
33895
33900
-31634
1142
1147
-31615
1160
1163
-31605
33932
-31602
33935
1170
1171
33949
-31586
33952
-31578
1194
33967
1200
33968
33973
1206
1208
33980
1217
-31547
1222
1224
-31542
1227
1230
1231
1235
-31529
1241
34018
34020
-31510
-31508
-31504
1266
-31499
34039
1274
34045
-31488
1282
1283
1285
1286
1287
-31479
34058
1294
34063
34064
-31474
1298
34067
-31470
-31466
-31462
-31460
-31453
34087
1323
-31444
-31442
1326
34094
1329
34098
1334
34103
34105
-31427
34111
1344
34119
-31416
-31414
-31412
-31410
-31407
-31404
1370
1371
34140
34143
-31392
34145
-31389
1381
-31383
1395
1399
-31368
34174
34176
1409
-31350
1430
1433
34204
34205
34207
1446
1451
34220
-31311
1457
-31308
34231
34232
34236
1468
34238
-31297
-31294
34243
-31289
-31284
1489
34258
1502
34274
1514
-31250
34295
1538
-31228
34316
34325
1560
1564
-31195
-31194
34343
1578
-31183
1587
1588
1589
-31179
34359
34372
1604
1607
34375
-31159
1609
34383
-31152
34390
-31145
34406
1640
34412
1645
34414
-31120
34420
-31112
1657
1663
-31104
34436
-31095
34450
34456
1689
34463
1700
-31062
1706
1709
-31047
34489
1724
-31037
34499
34509
-31020
-31018
-31017
1755
1757
1766
-30998
34541
34550
-30984
1788
34562
34564
34575
1809
34580
1814
34583
-30952
34604
-30931
1836
-30927
34612
-30913
1855
1857
1860
34634
34643
1876
-30891
1877
-30889
34653
-30880
-30876
34662
-30870
-30868
1905
34674
-30855
-30851
-30849
34687
1920
1923
-30835
1940
-30826
1943
-30824
34713
34717
-30818
1952
34725
34728
1964
34733
1972
34741
-30794
-30792
1979
-30788
1980
1988
-30779
1990
1996
34764
-30762
34777
34812
2057
-30709
34830
2064
2076
2077
2080
-30685
2085
34853
34860
2099
2103
2105
-30662
-30660
2108
34878
34877
-30656
-30658
-30652
2117
34892
2125
34897
-30635
2133
2137
-30627
34911
-30620
34918
34922
2157
-30609
34936
-30599
34945
-30585
2183
34953
2201
2202
-30557
2213
34981
-30551
2217
-30550
34990
-30527
-30524
35016
-30518
-30515
35025
35027
-30505
-30498
35052
2290
-30477
-30472
35068
-30468
-30465
35073
35074
2315
2316
-30451
35084
2321
2322
-30445
2323
2327
-30440
35096
-30430
35109
2344
-30424
-30423
35115
2349
2352
2355
-30412
-30408
35130
2367
35136
2371
2372
35141
35143
2376
35147
2382
35154
-30381
-30380
-30379
2391
35163
2407
35177
35183
-30346
-30345
-30343
35194
35197
-30338
2431
-30336
35200
2434
35202
-30332
35207
35208
-30319
35219
-30313
2455
2457
2461
35233
35237
-30294
2484
-30281
2493
2499
-30268
2505
35275
-30259
-30256
2516
2522
-30246
2528
2529
35299
-30236
-30235
-30232
35304
35311
2546
-30221
-30217
-30211
-30207
-30206
35331
35333
2568
35339
2573
2576
2577
35344
35345
2594
-30173
2597
-30170
35367
-30163
2605
-30160
35376
-30157
35382
2617
-30150
-30149
2624
2637
35407
35414
2648
2656
-30110
2663
-30103
2668
-30099
35437
35438
35443
35444
2680
-30087
35453
-30078
35461
-30073
2698
35474
2709
2714
35484
-30051
-30046
2728
-30038
2730
-30035
35503
2737
35510
-30025
-30024
2744
35514
-30019
-30017
-30013
-30005
-30004
2766
2772
35542
2775
35544
35554
2792
35560
35581
2817
-29946
35602
-29931
2837
-29925
2844
2846
35616
-29909
2860
2863
35635
35643
-29890
-29889
35647
2885
35654
2893
-29874
35663
35664
35665
35667
35670
-29865
2902
35671
-29861
-29859
2909
-29858
2912
2920
-29836
2932
35705
35706
-29830
35709
-29823
-29820
2948
35718
2954
2958
35727
35730
35734
35738
-29792
35750
35752
2985
-29782
2986
-29780
-29783
35758
2992
-29761
3009
-29759
35781
35782
35783
35786
-29738
3032
35803
-29732
-29725
-29715
3054
-29708
3061
3066
35842
3074
-29692
3077
3079
35849
-29687
35851
35854
35858
35860
3094
3096
-29668
3105
35874
-29656
35882
-29652
-29651
35890
3124
3126
35897
3129
-29632
-29631
3137
-29622
35916
3150
-29616
3155
-29610
3162
35932
-29598
35938
35941
-29591
-29588
-29583
35956
3193
-29573
-29570
-29569
35970
35971
35973
35978
3212
35984
35985
3222
35997
3237
3253
36024
-29509
36027
-29505
-29503
-29498
36039
-29497
3272
-29491
3280
36054
3288
-29478
36060
-29473
-29472
-29471
3300
-29467
36070
3310
-29445
-29443
36095
-29440
3329
3330
-29424
-29417
-29416
3357
3358
-29408
-29400
36146
-29385
36153
3389
36158
3392
-29375
36163
-29365
36174
3410
3413
36182
-29350
36187
3420
-29347
3421
36195
36196
-29337
3432
3434
3437
3438
3441
-29323
-29319
-29318
36218
-29316
36221
36224
-29308
3460
36234
36236
3471
36241
3477
-29288
36253
36254
36267
-29259
36277
3511
36283
36285
3520
-29243
36295
-29238
3534
36304
3540
3541
-29225
3548
-29215
36324
-29212
-29203
3566
36336
3571
3576
36347
3582
3585
36356
3603
36382
36387
-29146
-29142
-29141
36414
36416
3651
3654
-29109
3660
36433
3670
3672
-29094
-29093
3676
36446
-29088
-29074
3696
3697
36464
3700
-29067
3706
3707
3715
3716
-29053
36484
3718
36490
3724
36494
-29036
36503
-29031
36508
3741
-29022
3749
36519
36522
3761
36534
-29001
-28998
-28993
3776
-28991
36545
3775
36546
-28988
36553
3787
3791
3796
-28971
36567
3800
3808
-28959
36581
-28941
3828
3829
36601
36613
-28921
36624
3859
36630
36633
3870
-28897
-28895
3873
36649
-28887
3888
-28876
-28875
-28872
3897
3900
36678
3910
3913
36682
36691
36694
-28841
-28836
-28830
3941
-28825
3950
36721
36728
3965
-28802
-28803
-28799
-28798
3969
36739
-28795
-28794
36749
3982
3983
4003
-28764
4008
36776
-28757
-28753
36788
4020
4026
4030
-28738
4036
-28730
36807
-28723
4049
36821
-28715
-28708
36829
36834
4071
-28693
-28691
4077
-28686
4083
-28683
-28676
4093
4095
-28671
4098
36873
36874
-28655
4114
36887
4124
36892
4131
-28635
-28634
-28631
4140
36911
-28609
-28604
36934
-28600
4169
36937
4171
4180
-28585
-28574
36968
-28568
4202
-28565
36976
-28549
4219
36987
4222
-28544
-28543
36996
4232
-28529
37009
4243
37014
37016
4250
-28514
4258
37032
37033
-28501
-28500
4268
4273
-28492
-28490
-28486
-28484
4284
-28480
37058
4298
4301
4305
4307
37079
4311
-28455
4315
4318
37091
37094
-28439
37097
-28437
37099
-28424
4346
37120
-28415
37126
-28407
-28406
37132
37134
37141
4376
-28391
-28390
-28382
-28380
-28378
4390
37160
-28375
37161
-28364
-28360
37180
4414
4417
4418
37187
37188
-28351
37190
37198
37210
4443
37211
4448
37219
-28313
-28311
37225
4462
4467
-28295
-28294
4475
-28289
-28286
-28283
37264
-28270
4503
-28259
-28258
37280
4519
37287
37289
37294
4528
4529
37299
-28235
4543
4544
4551
4552
-28214
37322
-28212
4559
4572
37343
4581
37349
37352
-28183
37354
37356
37360
4595
-28161
37379
37382
37383
37386
37388
4622
4623
37391
4626
-28141
4627
4635
-28124
4644
4647
4650
-28117
-28113
37427
-28105
4664
-28100
37437
37439
4673
37444
37454
37461
4695
-28058
-28057
4713
37482
37486
4725
-28042
37495
37496
37497
4746
37516
4750
37523
37532
4768
4781
-27985
-27981
4788
4791
-27970
37566
-27965
-27963
37573
37575
4809
4811
-27956
-27953
4817
-27949
4820
4822
4835
37604
-27930
-27927
4842
-27926
37620
4855
4857
4863
4868
-27897
37640
37642
4883
-27870
-27869
37669
-27864
4910
37681
4918
4920
4924
37693
-27841
-27839
37697
37699
-27835
-27833
4946
4950
-27816
-27815
37724
-27810
37727
-27803
37735
37740
-27787
37750
37754
4988
4991
-27776
37763
-27773
37765
-27771
5000
-27767
5009
37780
-27755
5013
5019
37791
5023
37798
37800
37805
37817
37823
37833
37836
5069
-27700
-27695
5073
37844
37848
-27684
37852
5084
5086
-27678
5094
-27670
5098
5103
-27663
-27654
-27652
37887
5121
37890
-27642
37898
5136
5138
-27630
37906
5143
5144
5150
-27617
-27613
5155
37926
-27603
-27596
37946
37950
5187
5190
5195
5197
5198
37969
5204
-27563
5218
-27540
5229
38001
38010
38011
-27513
-27511
-27510
38026
38028
5265
38034
-27493
-27492
5279
38048
-27488
5287
38057
-27474
5295
38065
-27470
5298
-27468
-27458
38079
38096
-27433
-27431
38106
38108
5340
-27423
38113
5350
-27408
-27405
5369
38137
5373
-27394
38144
5378
-27388
5384
-27381
5388
38165
38166
-27364
5405
5411
-27352
5416
-27341
5432
38203
38209
-27326
-27325
38211
-27309
38238
5471
-27294
-27293
5482
-27285
5487
38256
5489
38257
38268
5501
5503
38271
5507
-27260
-27255
38283
5515
38286
38289
38294
5527
-27239
5531
-27231
5543
-27223
38315
-27220
-27209
-27207
-27206
38334
38336
5569
5571
-27195
5574
-27186
5582
5584
5586
38356
5589
-27172
38369
5601
5605
5610
5615
-27146
-27145
5624
-27143
38393
5628
-27134
38404
-27131
-27129
-27126
5643
5644
5642
38412
5647
-27118
-27117
-27116
38425
5657
38438
-27097
38447
5683
5684
-27081
-27080
-27076
-27067
-27066
38471
5708
5717
38486
-27046
-27040
-27039
38499
-27036
38500
38502
-27028
5747
-27021
5751
-27015
5765
-26998
-26996
38542
-26991
5778
-26981
-26980
-26970
38568
-26967
-26961
5813
-26952
38584
5821
-26941
-26940
38595
5835
5841
-26915
-26912
5856
38636
-26895
5873
5881
38650
5882
5889
38664
38668
5903
5907
-26855
5914
-26845
38691
5925
38694
38696
38698
38702
38703
-26830
5940
-26826
-26824
38716
5951
-26816
5953
-26809
-26802
-26801
38736
5968
5969
-26797
-26795
38746
5982
-26785
5986
5991
-26771
-26769
38768
6006
6007
38777
-26757
38782
38783
6016
6019
6026
38796
38800
-26734
6039
-26726
38814
38818
6051
6050
6053
-26714
38824
-26711
-26704
6069
6071
38840
6074
-26690
-26683
-26682
6089
38859
-26671
38869
38872
6106
6107
38880
-26651
-26650
6119
38893
-26643
6127
38897
6139
-26628
38909
-26625
38913
38914
6151
-26613
6155
38923
38926
38928
38929
38932
38937
-26597
6181
38962
6195
38965
-26565
38974
38978
38981
6219
38999
-26529
39012
39026
39030
39031
-26504
6272
39047
-26488
-26486
39050
6286
6290
39058
-26475
6296
6298
6302
6308
-26453
6320
-26445
39106
6342
-26421
39120
-26414
39124
6356
6359
39130
-26405
6366
39141
39148
-26382
39157
39158
6392
-26375
6397
6398
6399
39169
6406
-26348
39188
-26345
6425
6434
-26331
39209
-26321
39218
39219
-26315
39223
6458
-26307
6462
6469
6473
39249
-26286
39255
-26277
6492
39261
6491
6495
-26266
39276
6509
6510
6513
-26254
6515
39282
-26249
6520
-26242
39297
-26234
-26233
6537
6538
-26225
-26222
-26221
39315
6549
6550
6553
6554
-26212
6557
39329
6564
-26199
6571
6578
6582
6584
39355
-26180
6588
6590
-26178
-26176
-26165
-26164
39373
39374
6604
6608
-26159
39376
6620
39389
39393
39395
6630
-26134
39404
-26128
39412
6648
-26102
39442
-26087
6682
6683
6685
-26081
-26078
6691
-26072
6697
-26064
39473
39474
6711
-26055
-26046
6723
39498
6735
6736
39508
-26027
-26023
6748
6749
39520
6753
39521
39525
-26009
6761
6762
6772
6773
39542
-25992
-25980
39556
39560
6792
-25974
39562
39565
39571
-25965
39578
6814
39586
-25932
39612
39613
-25917
39620
39624
-25910
39634
6867
6880
-25887
39650
-25883
-25880
-25877
-25876
6899
6901
6904
-25862
-25860
-25859
39679
39681
39697
6930
6937
6940
-25820
39722
39733
6967
-25800
39743
6985
6989
39757
39761
39767
7005
7006
-25756
7012
-25750
-25749
7034
39804
-25728
-25722
7050
39818
-25715
39821
-25707
39830
-25701
39836
39843
-25692
7075
39848
39850
-25684
39857
39861
7093
7098
7101
7102
39870
7107
-25658
-25656
-25654
-25648
39891
-25643
39894
-25641
7134
-25630
-25626
7143
7144
7145
39912
7148
39917
-25615
7154
7155
39927
-25608
39932
39940
-25592
-25585
-25584
-25583
7186
-25581
39955
-25582
39964
7199
39980
-25554
39982
-25551
-25548
-25545
39999
-25535
7243
7245
7246
7251
7252
-25512
40027
40031
-25490
40050
-25482
-25481
-25480
40059
-25476
7297
7299
40081
-25450
7318
7323
7327
40102
-25432
7338
7339
40106
-25423
-25422
40114
7349
-25415
7365
7366
-25399
7370
40144
7377
40145
7390
-25375
7399
40168
40177
-25359
40180
7417
7420
40188
7431
7435
40208
40215
40218
7455
40226
40229
40232
40236
40237
40238
40245
40250
40251
40265
7501
-25265
40276
-25255
40282
-25246
-25244
-25242
7526
7529
40297
-25236
40304
-25231
-25230
7541
7549
40323
40325
-25209
7570
7572
7589
7590
40369
7607
-25158
40378
7613
-25155
7615
7621
40393
40396
7633
7637
-25130
40407
7643
-25120
40417
7661
40430
40435
7669
-25098
40440
7678
40448
7687
-25079
40457
40464
-25069
-25063
-25060
40478
-25057
7712
-25053
7715
7719
7720
40494
-25041
7732
7744
40516
40518
7751
40520
-25012
7761
40531
7764
7766
40534
-24998
-24993
-24992
7783
40556
40558
7791
40563
-24972
40566
40567
40568
-24967
-24966
40570
7806
7807
40577
7809
7810
7812
-24954
7821
40591
7824
40593
7823
40594
40602
7835
7850
7851
40621
7854
-24913
7856
7867
-24901
-24899
-24893
-24889
40652
-24873
40664
40670
-24860
-24856
-24854
7916
-24851
40691
7931
7934
40707
-24825
7944
-24823
40712
40715
7951
-24814
7954
-24811
7957
-24808
-24807
40730
7975
40745
-24789
-24787
7985
-24782
7986
7995
40767
-24768
-24762
-24761
8006
-24758
-24743
-24742
8026
8035
-24732
8036
8042
40815
8051
-24716
-24715
8055
-24712
8058
40828
8063
-24703
40833
-24701
8065
-24700
40838
8075
40843
-24690
-24683
-24678
40861
8095
40864
-24670
-24669
8104
40872
-24662
40881
-24654
8125
-24642
40897
8131
8133
-24626
-24625
40920
8165
8168
8172
40941
40942
-24592
-24591
8182
8183
8186
8189
40961
-24571
-24570
-24569
40971
-24564
40972
-24554
8217
40986
8221
40989
8223
41001
41005
41006
8243
-24522
-24519
-24516
8252
41020
-24514
-24507
8266
-24499
8275
8285
41055
41060
-24475
8294
-24470
41069
8310
41088
41089
-24447
8321
41095
41099
41100
41101
41106
-24422
-24418
41122
8358
41127
8362
41145
8382
-24382
41155
-24380
8388
41157
-24376
41161
8404
8409
-24359
8415
41184
8418
41189
8426
8434
8441
8443
8447
8448
41215
-24317
8453
41221
41223
-24300
-24294
41246
8478
-24286
41251
-24276
8493
41261
8496
41265
8500
-24267
41278
-24257
-24258
8518
41288
8524
-24241
8531
41305
41309
8543
41318
8558
8560
41344
8588
-24176
-24172
41366
41371
8612
41386
41388
8621
41393
41394
-24139
41397
41402
8638
8640
41409
41416
41422
8662
8665
-24102
-24098
8674
41443
8676
-24089
8684
41452
-24083
8689
41457
-24076
-24075
41462
8697
41469
8702
41470
-24063
41473
8716
41485
41486
41491
41494
-24042
-24039
41499
41501
-24033
8735
-24028
8741
41512
-24022
8746
-24018
8755
8762
8765
8767
-23999
8775
-23993
41545
41547
-23986
-23985
-23981
41555
41557
41558
-23978
41561
41562
-23972
41571
-23960
-23958
8812
41583
8820
41597
-23937
8835
-23929
8840
41615
8853
-23911
41627
-23908
41629
-23905
8873
-23887
-23886
8883
-23884
8888
8889
41656
41669
8903
8907
41684
-23849
-23843
41693
41696
41697
-23830
8942
41716
-23817
-23816
-23814
8956
-23810
8961
-23806
8965
8969
-23799
41740
8973
41743
8976
-23778
8991
41765
41766
9002
41773
41774
41779
41782
9019
-23745
-23743
-23742
41794
9027
-23740
41803
41808
41813
41816
9052
9054
-23710
-23709
-23703
41834
-23701
9074
-23692
9079
9080
9081
9082
-23683
-23681
41862
9095
41866
9100
-23662
-23660
-23656
41885
41888
9126
41895
-23642
41898
41909
41912
41913
9152
41921
9157
41931
41933
41937
9182
-23582
41954
41959
9196
9198
-23560
-23559
-23552
9216
41984
9218
41989
9222
-23545
-23543
42000
42002
-23533
-23532
9237
-23531
42008
-23524
-23522
42022
-23509
9259
42027
42028
9260
9261
-23503
9268
42043
-23491
42048
42050
42055
9290
9296
9302
42074
-23459
42077
9314
9316
-23451
9321
42095
9332
-23434
42107
42114
42121
9364
42136
9373
9376
42144
9380
9381
42152
-23382
42158
-23376
9392
42162
42167
42169
9402
42172
9406
42180
9413
9417
42189
42191
9425
42200
-23334
-23333
-23329
-23327
42211
-23321
42220
42230
42236
42238
42239
9475
-23289
-23288
-23285
9485
9486
-23278
42260
9493
-23272
42268
9501
9502
-23265
9509
-23258
9517
9521
42298
-23236
42300
9536
-23229
-23228
-23225
42315
-23216
9553
42323
9556
42325
9555
-23209
42330
-23202
42335
-23200
-23201
-23190
-23178
-23173
-23170
9598
-23166
-23165
-23159
9609
9615
-23142
-23135
9633
-23122
9647
9653
-23113
42424
-23108
-23105
9666
-23095
9681
-23084
-23077
42460
9704
-23057
9718
-23049
-23046
42499
-23035
-23033
9736
42504
-23030
-23027
42511
42512
42516
-23016
9755
9756
42526
-23008
9768
42546
9779
9780
9783
-22984
9791
42561
-22975
9797
-22970
42569
9802
-22967
42572
9808
-22957
-22952
9824
-22941
42598
-22934
42605
-22926
-22923
42616
9849
-22914
9859
9861
42636
9878
42648
-22886
42666
-22862
9908
9911
-22854
9920
42688
-22847
42691
9921
9922
9930
42705
9938
9939
9945
42720
9953
9954
9955
9958
42726
9967
-22800
9969
42737
42742
42746
42748
42755
-22776
-22772
-22768
10008
-22757
42781
42789
-22744
42793
10029
-22738
10036
-22725
42811
10050
-22710
42827
-22706
10064
42834
42843
-22690
10078
10080
42851
42864
42870
10103
42874
-22658
42882
10125
-22641
-22636
10133
10134
42900
10137
10138
42905
42909
10144
-22622
-22604
10167
42936
10170
-22595
-22587
42953
42958
-22575
10193
-22573
10196
42965
10199
-22561
10213
42983
-22541
10235
10242
10244
10245
10255
43026
10262
10263
-22503
43035
43042
-22490
10286
-22481
10293
43074
43075
43076
43077
-22460
10309
43081
43082
10321
43095
10328
43099
-22436
43102
-22434
43105
-22430
-22427
10344
43113
10349
43127
43128
-22405
10368
-22382
-22373
10400
43169
-22360
43180
43187
43189
10424
-22338
-22336
-22335
-22331
-22330
10438
-22323
-22321
10449
10450
10456
-22310
-22308
10461
-22301
10476
43248
43249
10481
-22285
43251
-22282
10487
10489
-22277
43262
10499
-22266
10503
10519
-22248
-22246
10525
43299
10531
-22228
43312
10552
10558
10559
43327
10562
43330
43334
10569
43340
43341
43348
-22185
-22180
-22178
10591
43359
-22174
43362
43366
10604
43373
10606
10609
43377
-22153
-22149
43389
-22145
43392
10628
-22139
10631
10635
10646
-22120
43422
10659
43427
-22106
10662
43434
43446
-22089
-22087
43450
43453
10690
43461
10694
10696
10699
43467
43474
10707
43481
43487
43489
43490
43491
10721
-22039
10732
-22032
43507
10742
43514
10760
10762
43535
43538
10776
10779
-21982
43554
-21976
10795
43565
43566
43568
10801
10806
-21962
43585
-21948
10823
-21943
-21940
-21937
10831
10836
43613
10855
10856
43627
-21906
-21905
43631
43635
-21894
43644
-21891
10879
43649
43652
43653
10888
-21876
43670
10910
-21857
10913
10923
10924
10926
43698
10932
43706
-21827
43711
-21824
10946
10948
-21816
43728
10960
-21803
43734
43738
10977
43751
43754
43755
10988
-21777
-21774
10994
-21769
-21765
11006
43785
43787
-21746
11025
43793
43795
43796
-21737
43803
11035
43823
11057
43828
-21704
11065
11073
-21683
-21681
43856
-21677
43860
43863
43865
43875
43878
43880
43884
11122
-21643
11126
-21640
11130
43899
43901
43902
-21631
-21630
-21626
43913
43916
11155
11158
43926
11160
43928
43929
11162
43931
11164
43943
-21586
43957
43960
11193
-21574
43961
-21572
-21573
11200
-21565
43981
11220
11224
43995
11233
44001
11235
44005
-21525
11244
44013
44015
11248
-21519
-21515
11258
11261
11263
-21501
11269
11270
-21497
-21494
44045
11282
11285
-21483
44061
44064
11297
44069
-21466
44073
11305
11308
-21458
44078
-21453
11315
11321
-21435
44102
11335
-21425
-21421
44115
44130
-21405
-21401
11367
-21394
-21389
-21384
11416
11423
-21344
11436
-21331
11438
11445
-21322
44214
44220
11455
11464
44235
11468
44238
44240
-21287
11483
-21282
44254
-21281
-21275
-21274
-21272
-21270
44272
11508
44276
44278
11514
11516
-21247
11524
11526
44297
11530
-21237
11536
-21230
44309
44314
11547
11548
11550
44318
44321
-21204
-21197
-21190
44346
-21188
-21187
11581
44351
11588
-21178
-21157
44380
-21150
11618
44387
44388
44391
-21143
44396
-21135
44403
44405
-21130
11641
-21122
11650
44420
-21115
-21102
11671
11675
-21092
11678
44449
11681
11683
-21079
-21078
11690
44457
44463
44470
11704
44474
44480
-21055
-21049
44488
44489
44502
44503
11736
44507
-21029
11747
44517
-21017
44526
11760
44532
11771
-20993
11776
11775
44552
-20984
44556
-20973
-20968
-20967
-20966
11807
-20956
11817
-20946
11822
11824
11841
11843
11844
44613
-20917
11853
44622
44623
-20909
-20908
44633
-20900
44636
44647
11884
44653
-20883
11887
-20882
11889
-20881
44654
44656
11895
11896
44663
44664
44666
-20856
44684
-20852
11923
-20841
-20840
11937
44709
-20820
11951
-20812
44734
-20796
-20793
11977
44748
11987
-20779
11992
44761
11994
-20768
44769
44770
-20761
12008
44787
12021
44790
-20740
-20737
12033
-20727
-20726
-20725
44809
44810
44814
-20724
44821
-20715
-20713
12056
12057
12068
44839
-20694
44845
-20689
12081
12085
-20681
12089
44864
12099
44871
-20651
-20649
12121
12122
44894
12129
-20624
44913
12145
44917
44918
-20611
-20604
44938
-20593
12175
12189
44958
12193
12197
-20569
-20568
44968
-20565
-20564
44971
12206
44974
44987
-20542
-20539
12233
-20529
-20527
45013
45016
-20519
-20517
-20515
12253
45027
12264
-20502
12268
45041
45045
12278
-20489
12280
12279
45052
-20482
12292
45060
-20472
45067
45075
-20459
12312
-20452
12316
45087
-20447
-20439
45098
45100
-20426
12342
-20421
-20420
-20414
-20407
12362
-20404
12366
45142
12377
-20391
12384
45153
12387
45159
12396
45164
-20370
-20367
-20364
45173
12406
-20357
-20355
-20354
12421
-20345
-20343
45193
-20341
-20338
45210
-20322
45216
45217
-20317
-20316
12455
-20311
12460
12464
45233
-20295
-20291
-20284
45257
-20275
12497
45269
-20266
-20264
-20263
45273
45283
45287
-20248
12525
12530
12534
-20230
12539
-20220
-20219
12553
-20213
-20212
12558
45344
45349
45352
12587
-20178
-20177
45361
45364
45373
-20163
-20161
12607
12609
12611
-20156
12613
-20151
12618
45387
-20148
12621
45391
-20145
-20138
12634
-20133
45405
-20129
12639
-20123
45413
12660
12664
45434
12672
45444
45445
45449
-20080
12695
12697
45469
12706
12707
45478
45479
-20047
45489
12728
45498
-20032
-20030
-20021
45516
12753
-20014
12755
-20011
-20010
45527
45530
-20002
-19996
45546
12784
45552
45556
12791
45565
12797
45566
-19967
45570
12802
45573
-19962
-19952
12819
-19948
12822
-19944
-19943
12828
12829
12830
12835
45607
-19928
12850
-19915
45623
-19909
45629
45632
-19902
-19899
12869
12871
45642
45647
45649
-19887
12881
12894
-19873
12899
45669
45670
-19865
12903
12906
45677
45681
45682
45694
-19842
-19841
12926
12931
-19833
-19821
12951
12958
12962
45731
-19801
12974
45744
12979
45755
-19778
-19775
45762
45761
-19774
-19770
-19769
13000
-19767
45769
-19765
45773
13007
13010
-19755
-19753
13015
45795
45796
13035
-19725
13044
45814
13049
13051
13055
-19709
-19705
45836
45839
13072
45845
45854
13093
45863
13098
13099
-19667
-19661
45887
13125
-19634
45902
45914
13146
-19614
13159
-19606
45933
-19595
-19591
-19590
13182
-19585
-19584
45951
45952
13190
13192
45962
-19573
-19574
45964
-19571
-19556
-19553
-19548
13221
13229
45997
-19537
13240
46010
-19524
46015
-19520
46018
46020
13252
-19515
-19509
13266
-19499
13270
46044
-19492
-19490
-19491
46049
46057
13291
-19476
13294
13297
46070
-19465
46071
46074
46083
13319
46088
13323
13324
13326
46094
13328
13329
-19437
13335
46104
-19430
13342
46110
13344
46112
46113
13349
46118
-19416
-19414
-19401
-19388
13381
46159
-19376
-19377
-19375
-19371
46165
-19361
46175
13407
13413
-19352
-19346
13422
13425
-19342
13432
-19333
13437
46211
46213
13447
13449
-19316
46220
-19314
46223
-19313
-19308
13462
46230
13464
46238
13472
-19292
-19282
46255
-19278
46261
46266
13503
13505
13518
13519
46289
13521
13529
46299
13537
-19219
13550
46319
46320
-19209
-19204
13566
13574
13579
-19179
13594
-19172
13597
13606
-19158
13613
13616
46385
-19147
-19142
46396
-19139
46402
13635
46406
13639
-19128
46412
-19110
-19107
46432
-19100
46438
13672
-19092
46456
46465
13706
46487
-19048
-19047
13722
13721
-19043
-19042
46501
46505
13741
13742
-19025
46511
13748
46521
46522
13758
-19007
-19006
-19003
46533
-18998
46538
-18996
-18993
13779
13786
-18978
13792
-18975
46562
46565
-18971
-18969
-18968
46569
-18963
46574
13808
46584
46589
-18946
-18942
46595
46596
46597
-18937
-18935
-18933
46603
-18930
13840
-18919
13849
13858
46626
13861
-18903
13865
13867
-18891
46646
46655
46656
-18878
-18877
-18876
46665
-18870
46670
13903
13902
13907
13908
46677
46686
13920
-18846
46693
46697
-18836
13943
13949
-18816
-18809
46735
-18791
13987
-18781
14004
-18763
-18756
-18754
14016
46788
-18743
14025
-18742
46800
14033
46804
14038
46813
-18720
14051
14056
14063
14064
-18703
14065
-18701
14073
14074
-18695
46858
14092
14096
-18670
-18667
14102
14103
14107
-18656
14114
14120
-18646
46905
-18629
14140
-18626
-18618
14150
46921
46928
-18601
46957
46963
46969
14207
14210
-18557
14213
46983
47035
-18494
14276
-18490
-18486
-18481
14293
-18469
47067
-18466
-18465
47073
47076
47077
-18456
-18451
14317
-18449
14321
47089
-18441
14330
47105
-18429
47110
47115
14348
14347
47118
-18403
47135
-18398
47139
-18395
-18390
-18389
14379
47151
14384
47155
-18374
14401
14405
14408
47176
14410
14409
47177
14425
-18342
-18340
47200
47203
47204
-18332
-18328
14448
-18319
14449
-18313
47224
47226
-18309
14461
-18304
-18296
14472
14473
47243
14477
14481
-18285
47251
14487
14496
14498
-18267
14503
47278
-18256
47283
14518
47290
-18245
-18242
14528
14530
14535
47303
-18225
14543
14544
47324
14558
47327
47328
-18204
14567
-18199
-18192
-18188
14581
-18182
-18179
14591
47361
47363
-18169
14601
47370
-18159
-18151
47388
-18147
47393
14630
14634
-18132
14639
47409
47411
47415
47417
47424
-18112
-18109
-18107
14661
-18105
14664
-18103
14666
47438
-18097
14673
-18089
-18087
14682
47455
-18080
14689
-18075
14698
47466
14700
-18067
47469
47472
-18053
47483
47486
-18044
14731
14738
-18023
-18019
-18017
-18011
-18007
14771
14772
14774
14778
14781
-17962
14809
14811
47580
14821
-17945
47594
-17937
-17934
-17928
14841
14848
-17919
14849
-17916
14852
47621
14863
-17894
-17893
14878
47674
14909
47681
-17852
-17850
-17848
-17845
14925
47694
-17840
14931
47701
-17831
14945
47715
47718
-17817
-17816
14952
47729
-17806
14966
-17801
-17796
14979
47747
-17786
47753
14992
-17772
-17766
-17764
-17751
47789
47791
47798
15033
47801
15037
15043
15044
47814
15059
-17708
-17705
15065
47838
47840
47842
47844
47845
15078
-17680
-17679
47860
-17673
15101
47872
47873
15104
-17663
-17662
15114
-17649
15119
-17641
-17634
-17633
47904
-17625
47912
47915
47916
-17614
15155
47922
-17612
-17610
15160
-17605
-17604
47935
-17598
47944
47945
15176
47950
47962
-17571
-17539
48007
-17528
48010
15243
-17522
15250
48020
15257
48027
-17508
15264
48033
-17495
-17494
-17493
15277
15278
-17480
-17475
48063
15301
-17464
-17463
48072
48075
-17454
-17450
48087
15325
48094
48093
48097
-17438
-17434
48110
48111
48114
48117
48121
15356
-17410
48129
48131
15364
15374
-17391
15377
15380
-17384
-17383
48154
-17377
15392
48162
-17373
48164
48165
48166
48168
48181
48184
15422
-17345
15425
15428
-17339
15430
48199
48202
48214
48219
-17316
48224
15458
15463
48231
-17300
48240
48241
48242
48247
-17286
48253
-17283
-17279
-17278
15489
48259
-17275
48264
15496
-17268
15507
48276
-17258
-17256
48280
-17254
48281
48284
-17251
15517
-17244
-17239
48304
-17228
-17227
48309
48310
15544
-49991
48315
-17218
48321
-17214
48322
-17212
15563
15567
48336
-17197
48340
15573
-49961
-49960
15575
15584
-17183
-17180
15588
15595
48365
15600
48370
-17161
-17159
48377
-49922
48387
-17146
-17143
-49911
-49908
-17135
48403
-49896
15641
-17118
48421
-49882
48425
48426
-49877
-17111
48432
-17102
15667
15669
-49866
48442
-49861
15677
48446
-49855
48450
-49853
15683
15684
48456
48461
15696
-49839
-17071
-49835
15701
15704
48474
15707
15710
15712
-49824
-49813
-49809
-49806
15730
15733
-49802
48508
48509
15745
48513
15747
-49786
-17018
-49785
48520
15758
48527
-49776
-17004
15766
48534
-49766
48544
-16989
15780
48553
48558
-16976
15795
48564
-49739
48565
-16969
48566
-49733
-16962
15806
15809
15811
-49725
-49721
-16948
15824
15826
48595
-16938
-16936
48604
48606
-16929
-49696
15838
-49694
-49684
-49678
-16908
-16907
48631
15867
48637
-16897
15871
-49664
15873
-16893
-49660
48645
-16887
15882
-49652
15884
-49651
-16882
-16880
-49643
-49642
48662
15898
15901
48669
-16863
15905
-16859
-16856
15913
-16850
48689
-16845
-49612
48691
15925
-49609
48701
48709
48717
-49585
48719
-16814
48723
-16811
15963
-49569
-16800
-16799
15970
-16797
15971
15975
15977
-16790
-16791
15988
-49546
-16776
48760
-16771
15998
48767
-16766
16004
48772
48776
-49527
-16757
16017
16018
-16751
16024
-16741
16027
16028
48799
16034
-49499
-16728
48809
-49493
48812
-16723
-16725
-49482
-49481
16054
-16706
16063
-49473
16066
-16701
-49466
-49465
-49460
-16690
-49458
48852
-49447
48860
-16674
16096
48868
-16665
-16663
-49422
-16654
16116
-49417
-16643
-49405
-49401
48904
-49395
-49393
16144
16148
-16619
48921
-49382
-16612
48924
48928
-16605
-16604
16167
16171
-16593
-16592
-49359
-16580
-16575
-49343
48961
-49331
-49324
-49322
-16554
48990
-49312
16226
48996
-49307
-16539
49000
-16530
16243
16244
49011
-49288
16249
49018
-49285
-49281
16256
49026
16271
-49264
49041
-16493
-49258
-16490
16280
-16479
-16474
-49237
49068
-16467
-49230
16308
-49225
-49223
16314
-49220
-49213
-49209
49097
-16436
-16426
49114
-49188
49118
-16417
-16412
-16408
-16406
16363
16362
49133
16366
-49169
-49165
16379
-49154
16383
-49153
16385
49155
-16376
-49143
49162
49163
49168
49174
-49127
-49120
16420
16421
-49111
49194
-16341
49198
16430
-16335
-16334
-16331
-16327
-49093
-16317
16456
-49079
-49078
-16305
16463
-16303
16466
49231
16472
16473
16474
49244
-16286
49251
-49042
16497
16502
49273
16510
49283
-49016
-16237
49300
49299
16534
16535
16536
-48999
-16230
49310
-48992
16549
16550
49319
-16216
-16215
-48982
-48975
16562
49329
16568
16570
16572
16574
49344
16581
16586
49356
16592
-16175
16596
-16168
16600
-16167
-48932
-16160
-48927
-48925
49379
16612
-48916
16621
-48914
-16143
49394
49395
16628
-48908
-16134
-48897
-16121
49420
16653
-16115
-48882
49422
49425
-48878
-48874
16663
49433
-16100
-16097
-48858
-16089
16688
49456
-48847
49459
16690
-48844
-48842
-48840
16696
-16069
-16063
-16060
-48827
-16049
49489
-16045
-16041
49506
16747
-48785
49520
16757
-48772
-16004
16764
-15998
-15995
16777
16779
49551
16785
-48750
16787
-48748
16789
-15979
-48745
-48743
49569
-15962
-48720
-48719
49587
-15938
49603
-48698
16842
-15926
-48693
-15923
16847
-15919
-15918
-15915
16857
-15906
-48672
16864
-15899
-15891
49645
16879
16880
-15887
-15886
49651
49648
-15883
49653
-48647
16895
16896
-15869
-15867
-48633
16904
-15861
16911
49683
16927
49696
49697
-15837
49699
16933
16935
16947
49715
-48586
-15806
49730
-48568
49737
49738
16972
-48556
-15785
16983
49755
16988
-15777
16991
16993
49762
16996
16999
-48534
17006
-48526
49781
49782
-15748
-48513
17024
49792
17028
-15738
17033
-15735
17035
49803
17034
-48491
-15716
49825
-48474
-48472
49835
-15699
-48461
-48460
-15693
17079
49848
-48455
17082
17083
17087
49857
17090
-15672
-15670
49871
-15662
-48429
-15661
17107
-15656
-48423
-15654
17113
17115
-48419
-48415
-15646
-48412
-15644
-48409
17128
-48406
-15638
17134
17135
-15626
-48392
49914
-15621
-15619
17149
-15616
49921
-48381
-48380
49923
-15609
17160
49930
49932
17169
49938
49945
-15591
17180
17181
17182
49954
49960
-48332
17204
49974
17206
-48325
49982
49984
-15550
17220
-48315
-15546
49991
-15547
49994
17227
17230
-48304
-48300
-15530
17242
-15525
-15524
-15521
17250
-15506
-48271
17266
17272
17273
-48256
-15483
17286
-48246
-15478
-15473
-15471
-48237
-15465
-48229
17311
17316
-15451
-15447
-15446
17324
17326
-48209
17333
-48199
17349
-15418
17351
-48183
-15415
17360
17372
-48163
-15385
-48143
-15369
17399
-15366
17403
-48131
17405
-48125
-48123
17415
17417
-48118
-15350
17425
-48111
-15335
17444
17454
17455
17458
17459
-48075
-48058
-48056
-15283
-15275
-15272
-48038
-15260
17508
-48027
-15250
17521
17522
-15245
17530
-15236
-15231
17537
-15229
17538
-15227
-15222
-47987
-15214
17555
-15201
17574
-15192
-47956
-47953
-15182
-47948
-47947
-15173
-47940
-15168
17601
17604
-15162
-47923
17614
-47917
-15149
-15147
17626
17630
-15133
17640
-15125
17647
-15121
-15119
17651
-15116
-15101
17667
17672
-47855
-15086
17688
-47848
-47838
-47829
-47825
-15053
17717
17722
-15043
17725
-47809
17732
17738
-15018
-47784
-47783
-15014
17762
17766
17769
-14998
17771
17772
-47756
-47755
17791
-47741
-14968
17804
17807
-14956
17815
17825
-14940
-47705
-47703
-47701
17839
17840
17847
-47688
17850
-14913
17860
17861
-47676
17868
-14898
17872
17880
-14886
-14875
17897
-47637
-47636
-14868
-14866
17908
-47627
-47626
-47624
17912
-14854
17917
17923
17926
-47609
17927
-14836
-47603
17935
-47596
17947
17962
-14802
-14784
-14783
17989
-14777
-14776
17994
-47540
-14772
17999
-47532
18004
-47525
-47522
-14751
-47516
-14740
-47501
-14730
18040
18047
-47488
-14719
18057
-14708
18065
18066
18069
-47462
-14692
18076
-47458
18078
18085
18090
18091
18093
-14675
-47428
18109
-14658
18111
-47418
18127
18130
-47403
18134
-47401
-14631
18139
-14628
-47392
-47391
18145
-14620
-47386
-47385
-14618
-14616
-47380
-14608
-47370
-14597
18176
18177
-47357
18187
-47349
-14581
18192
18194
-47323
-47319
18217
18219
-47316
-47314
18232
-14528
18243
18246
-14522
-47288
-14515
18254
-47275
-47272
18267
-47266
-47265
-14491
-47258
-14489
18282
-14477
18291
-47243
-47242
18298
18305
-14461
18310
-14453
-14450
-47206
18334
-14433
-14432
-14428
-14424
-47188
-47186
18356
18357
-47178
18365
-47168
-47166
-47160
-47157
18379
18385
-47148
-47145
-47142
-47141
-47133
18406
18416
-47117
18420
-14345
18426
-14336
18432
-47097
18440
-14322
-14320
18450
-14317
-14312
18476
-14291
-47052
18485
-47047
18492
-14271
-14269
-14268
-14256
-14255
-47016
-47013
18525
-14237
-47003
18538
18540
-46996
-14228
-14217
-46984
18552
18558
-46976
18561
-14204
-46971
18567
18568
-46961
-14192
-46954
-46951
-46950
18593
-46941
18597
18598
18601
18618
-14149
-14147
18621
18623
18625
-46908
-14132
18640
18649
18654
18655
18661
18663
-46870
-46864
18672
18676
-14089
-14086
18685
-14081
-46848
-14080
-14077
18694
18695
-14072
-46838
18698
-46832
18705
-14062
-46826
18710
-46821
-46818
18723
-14044
-46805
18732
-14035
18742
-14026
-46791
18749
-46785
-14010
18761
18766
-13989
-13987
18782
-46748
18789
18790
-13977
-13976
-46743
-13974
-13970
18800
-46735
18804
-46730
-13961
-13960
-13958
-13951
-13950
-46716
-13947
18820
-46708
-46705
-13937
-46698
-13927
18843
-46691
18846
-13921
-46688
-13920
-46687
-13917
-46686
-13914
-46680
18856
-13908
-13905
-46672
-46669
-13896
-13892
-46657
-13887
-13881
18889
-46640
-13871
-13870
-13867
18903
18904
-46631
-13865
-46630
18910
-46624
-13855
18915
-13852
18918
18921
-13847
-13839
18929
18930
-46595
-46592
-13821
-13819
18953
18962
-46567
-13798
18972
18973
-46561
18977
18978
18979
18982
18984
-13782
18988
-13771
-13770
-13767
-46534
-13764
-46526
-46524
-46523
-46513
-46512
19024
-13745
-46494
-13726
-46491
-13723
-46486
-13715
-13714
-46481
-46479
-46476
-13700
-13696
-13695
-46462
-46458
-46457
-46447
-13678
-13676
19096
19099
-13667
19101
-13666
19104
19113
-13654
-46420
-13652
-13651
19119
19121
-46408
-46405
-13634
-13633
-46396
19140
-46393
-46382
-13611
-46378
19158
19159
19163
-13600
-13595
-13594
19180
-13584
19187
-46344
19196
-13569
-13562
19207
-13560
19214
-13549
-13546
-13535
-13530
-46296
-13526
-46289
-13515
-13514
-46280
-13509
-46274
19265
-13501
-46265
-13492
-46258
19280
-46254
-13484
19287
-46244
-46240
-13471
-13468
-46234
-46233
-13464
-46229
-13457
-46216
19325
-46210
-46205
-13434
-46201
-46198
19339
-46195
-13423
19345
-46186
-46181
-13404
-13400
-46163
-46162
19373
-46156
19381
-13384
19396
-13371
-46136
-13366
19409
-13357
19416
19420
-13344
-46111
19427
-13340
-46108
-13335
-46101
-46100
-13315
-13305
19480
-46056
-13287
19484
-46052
19490
19496
19500
19501
-46031
-13262
-46023
-46016
-46015
-13246
-13245
-13238
19533
-45997
-13225
-13224
-45982
19558
-45976
-13203
-13201
-13199
19572
-45960
-13192
-45953
19588
-13178
19600
19601
-45931
19608
19614
-45911
-45909
19633
-13133
19635
-45899
19637
-13111
19660
19662
19663
-45872
19667
19668
19674
19682
-45853
-45848
19691
-13074
-13073
-13072
-45837
19700
19701
-13062
-45818
19720
-45812
-45800
-45798
-13027
-13025
-45791
-45778
-13006
19762
-45772
-45771
19768
19771
19777
19778
-45756
19780
-12983
19788
19794
-12972
-45736
19802
-45733
-12964
-12962
-12961
19809
19810
-12957
-12956
-45721
-45720
-12950
-45716
19825
19826
-45709
19828
19829
-45704
-45699
-12930
19838
-45695
19845
19850
-12916
19854
-12907
19862
-12901
-45669
-45660
-45648
19893
-45639
19897
-12868
-12860
-45627
-45625
19913
19914
-45621
-45611
-12842
19926
-12843
19930
-45591
19948
19950
19952
-12809
-12804
-45571
19966
-45569
-12794
19975
19979
-12787
19982
-45550
19991
-12771
19997
19999
20013
20014
-12753
20020
-12746
20025
20030
-12735
20034
-12732
20038
20040
-45495
-12727
20043
-12723
-45488
20048
-12713
20056
20058
-45477
-45470
-12700
-45464
-45463
20077
20081
-12680
-45442
-12668
20101
20102
-45432
-12664
-12658
20112
-12651
-45414
-45413
-45412
-12645
20125
20128
-45407
-12634
20136
-12630
20140
20146
20148
-45382
20155
-45377
-45376
-45375
-12609
-12602
20171
-45357
20180
20181
-12585
-12584
-45348
-45347
-45345
-45343
20195
-45340
-45338
-12567
-12566
20205
20210
-45321
-45320
-12552
20224
-45308
-12533
20236
-45297
-45294
20244
-45290
-45278
20258
-12507
20266
-12499
-45261
-12493
20275
-12484
20285
20286
-45248
-12478
-12474
20294
20299
-45235
20301
20305
20308
-45223
-45216
-45215
-45213
-45212
-12437
20337
-12417
20351
-12416
20356
-45176
20365
20370
-12397
-45164
-12394
-45158
-45157
-12389
-45156
20384
-45151
20386
-12381
20392
-12374
-12373
-12369
20410
-12343
20427
-12340
20428
-45100
-12330
-45097
-12323
20446
-45088
-45085
-45080
20463
20484
-45047
20493
-45042
-12271
20499
20502
20503
20510
-12255
20513
20515
-45016
-45009
-45004
20535
-45000
-12229
-44996
-44989
-44987
20552
-12209
-44971
-44951
-12179
-44941
-44938
-12164
20604
20607
-12157
20617
-12149
-12137
-12135
-12134
-44898
-44896
20644
-44890
-44889
-44888
20651
-44879
-44877
-44871
-12102
-44857
-12082
20686
-44847
-44845
20695
20701
20703
-44832
-44831
-44824
20717
20719
20720
20721
20738
-12028
-12027
-44795
-44793
-44791
-12017
-44778
20759
-12005
-12001
-44768
-11998
20771
20774
-11993
20780
-11987
-44754
-11983
20785
-44746
-11976
-11974
-44737
20802
-44733
-11962
20810
20812
-11954
-44709
-44707
20840
20843
-11917
-44683
-11912
20859
-11904
20865
20866
-44672
-11902
-44659
20878
-44653
-44651
-44650
20886
-44647
-44646
-11869
-11866
-44633
20904
20902
-44618
-44615
-44610
20928
-11840
20937
20946
-44589
20952
-44580
20959
20968
-44564
-11792
-44559
-44557
20979
-11779
-11775
-11774
-11764
21015
-11749
21020
21028
-44507
-44505
-11733
-11731
21052
-11715
-11712
-11708
-44470
-11699
-11690
21079
-44456
-11686
-44450
-11680
-44442
-11667
21102
-44427
-44418
-11650
-11646
-11643
21128
-11631
21144
-44388
21149
-44385
-11617
-11612
-11604
21169
21172
-11595
-44362
-11593
21177
21178
-11589
21187
-44344
-44335
-44329
-11558
-11557
-11555
-11551
-44317
21229
-11531
21238
-44294
21242
21244
-44291
-11522
21251
-44281
-11512
-11505
-44271
-11497
-44263
21275
21276
-44259
21277
-11484
21284
-44250
-11480
21303
-44232
21305
-44227
-44225
-11453
21320
-44215
-44210
-44209
-44208
-11441
-44205
-44203
-11434
21335
21337
21339
-44193
-11425
-44184
21356
21362
-44173
21366
-11398
-11396
21373
21385
-44147
21397
-11368
-44133
-11362
-44126
21412
-11353
-44118
21421
-11346
-44113
-11342
-44109
-11340
-11337
21431
-11335
-11331
21441
-11325
21443
21456
-11309
-11304
-44069
-11298
21471
-11291
21482
-11284
-11269
21500
21502
-44033
-11263
-44030
21517
21519
21521
-44013
-11231
21545
-11223
-11221
-11219
21554
21555
21556
-43979
-11208
-43975
-43973
-11201
21567
-43969
21573
-11194
21581
-11185
-43935
-11163
-43928
21610
21611
-11156
-43922
-43911
21626
-11137
-11133
-43888
21653
-43881
21660
-11101
-43860
21680
-11077
-11071
-43836
21700
21704
21717
21718
-11050
-11049
-11047
-11044
21724
-43800
-43797
21741
21744
-11021
-11020
-11018
21754
-43781
21755
-11008
-11004
-43769
-43767
21770
-43760
-10992
-43755
-10977
-10975
-43738
21800
-43735
21801
-10962
21810
21811
-10947
21829
21830
21832
21840
-10921
-43687
-10915
-10906
21864
21865
21870
21871
21882
21889
-10874
21900
21915
-43619
-10844
-10842
21933
21934
-43601
-43590
-43589
-43588
-10820
21950
-10813
21955
-10809
21961
-43568
-43556
-10788
-10787
-10772
-10770
-10769
22003
22006
-10747
-43508
-43506
22031
22033
22043
-10724
-10723
-43473
-43472
-43470
-43460
-43450
-10670
22098
-43437
22104
-43430
-10660
22108
22110
22112
-10646
22125
-10642
-43408
-43399
-10630
22139
-43396
-10628
-10623
-43386
-43385
-43380
-43371
-10596
22180
-10586
22183
22186
-10577
22193
-43342
-10574
-43337
22200
-43331
-43328
-43317
22220
-10545
22224
-43302
-43294
-10526
22245
-43290
-43289
-43288
-10516
22253
-43278
-10510
-43272
22264
-43268
-10495
22278
22279
-43249
-10480
-10463
-43229
-10461
-43224
22318
22321
-43209
-10429
22343
22345
-10421
-43186
-43180
-43174
-10394
22374
22376
-43155
-10384
-43148
-10374
-10373
22394
-10370
22401
-43132
-10361
-43126
22413
-43116
-43114
-10344
-10341
-10339
-43096
-10322
22449
-10319
22452
-10315
-10309
-10306
22462
-10304
-10303
-10293
22475
-10287
-10281
-10276
22495
-10264
-43031
22514
-43017
-43013
-10245
22524
-43010
22533
22540
-42990
-10220
-42988
22548
-42985
-42984
-10214
-42982
-42978
22558
22560
22559
-10205
-42965
22580
-10186
-42953
-42952
22586
22588
-42946
-10175
-42941
-10172
22597
22598
-42940
22603
22617
-42918
-10147
-10146
-42905
22631
-10135
-42902
22640
22644
-42882
22657
-42878
-42877
-10109
-10107
-10104
22665
-10102
-10097
22672
-42859
22678
22684
-10082
22686
-42847
22689
22690
22695
-42841
-42839
-10064
-10060
-42823
-10055
22724
-42810
-10042
-10040
22730
-10037
22731
22736
-42797
22742
-10023
22748
-42786
-10017
22751
-10011
-42778
-42777
-10007
-42771
22770
-42759
22779
-42756
-9983
22792
-9971
-9969
-42731
-9956
-42716
-42715
22820
22823
-42712
22826
22828
22829
-9937
22834
-9930
22839
-42696
22841
-9923
22848
-42686
-9916
22853
22855
22858
-9907
22862
-42673
-42674
22866
-9891
-42652
-42650
-42649
-9875
-9874
-9863
-42627
-9858
-9857
22910
22921
-9846
-42611
-42608
-42602
-9833
-9830
-9828
22946
-42580
-9811
-9810
-9804
-9803
-42570
-42565
-42561
22977
22979
-9785
-42551
-42549
22987
-42544
-9771
-9768
23001
23005
-9763
-42529
23008
-42525
23016
-9747
-42509
23028
-9735
-42502
-9729
-42489
-9721
23048
-9716
23054
-9711
23058
23059
23061
-42475
23064
-9703
-42468
-42458
-42457
23081
-42450
-9681
23089
23092
23093
-9670
-42437
-9666
-42431
23108
-9656
-9654
-9650
-42417
-9644
-42408
-9639
23129
-42403
-42400
-42399
23137
23140
-9624
-9623
-42384
-9615
23154
-9610
-42376
23161
-42374
23164
-42366
-42360
23178
-42349
-42345
-42342
-42340
-42337
-42336
23201
23205
-42327
-9558
23209
-9556
23211
23220
-9529
-9523
-9517
-9509
-9507
-42273
-9501
23267
-42264
-42262
-9494
-42260
23282
-9485
23291
-42243
23301
-9463
-9453
-42217
-42200
-42190
23351
-42184
23352
23358
-9406
-42171
-9402
23378
-42154
-42152
23385
-9383
23393
-42142
-9371
-9370
-42134
-42133
23402
23406
-9358
-9350
-42111
-9343
23427
23429
-9338
23432
-42103
-9335
23435
23436
-9327
23456
-42072
23468
-9300
-9298
-9295
23473
-9292
-42052
-9280
-9273
23497
-42031
-9260
23512
-9255
-42019
-42018
-9251
23518
-9248
-9245
-42013
-9243
-42010
-42008
-9234
-42000
-9229
23539
23543
-41991
-41984
-9215
23556
-9207
-41970
-41967
-41966
-9187
-41955
-41951
23587
23588
23594
-41937
23600
23610
23615
-41919
-41917
-41916
-9145
23627
-9140
-41907
23628
-41903
23634
23643
-41890
-9118
23651
-41876
-41875
-41874
-9107
-41872
23671
-9094
-9093
23684
23686
-9076
-41843
23695
-41838
-9068
23702
-9059
23716
23720
-9043
23727
-41799
23738
-9023
23747
-9011
23763
23767
23768
-8997
-41764
-8996
-8983
23793
-41740
-41734
-8966
-41733
-41731
23807
23809
23813
-41718
-8950
23820
23826
-41708
23828
-41704
-41701
-8929
-41695
-41689
-8921
23847
-41681
-8913
-41678
-41675
-41666
-8897
23872
23873
-41657
23880
23884
23886
-8880
23908
23909
-41626
-8859
-8857
-8851
-8849
-41613
-8845
-41608
23929
23944
-41588
-8818
23952
-41581
-41580
-8800
-41567
-41557
-8787
23984
23987
-41546
23993
-8766
-41531
-8760
-8759
-41525
24015
24016
-41518
24022
-8745
-41512
24025
-8743
-8742
24027
-8739
-8734
-8726
-8725
-8721
-41488
-41485
24054
24055
24058
-41475
-8705
-8694
24077
-41456
-41452
24087
-8679
24090
-8676
-41443
-41441
24095
-8665
24110
-41423
-41419
24124
24128
24129
-41404
-8633
-41400
-8626
-41393
-8617
-41375
-8607
-41372
-41371
-41367
-41347
-41346
24190
24195
24202
-8566
24204
-41329
24208
-41326
-41321
24216
-8551
24219
24220
24224
-41307
24232
-41300
-41299
24236
24240
-8527
-41289
24250
-41283
-8506
-41272
-41270
24266
-41266
-41259
24278
-8491
24282
-41249
-8473
-41240
24298
-8466
-41233
-41231
24305
-41229
24307
-8456
-41222
24316
-8444
-8442
-8441
-41207
24329
-41203
-8432
-8430
24343
-41190
-8422
-8420
24360
-41172
24370
-8393
-41156
-8387
-41150
-8381
24388
-8379
-8380
-41145
-8374
-8370
24398
24405
-8361
24407
24410
-41126
-41124
24415
-8353
-41111
24431
24434
-8327
-41091
-8323
-8321
-41075
24462
-41073
-8307
-8301
-8297
-8296
24476
-41058
-41052
-41050
-8281
24489
-41044
-8275
-41041
24497
-41036
24500
24502
24503
-8251
-8246
24526
24528
24529
-41002
-8233
-41000
-40998
-8230
24545
-8214
-8213
24559
-40968
-40960
-8190
24592
-40939
24597
-8169
-8167
-40933
-8160
-40926
-40924
-40923
-40922
24614
24619
-8148
-8147
-8146
-40909
-8137
-8135
24635
-8128
24641
24642
-40892
-8122
-8121
24649
24650
24652
24657
-40873
24664
-40870
24675
24677
-40852
24685
-40851
-40845
-8077
-40843
24693
-8062
-40823
-40816
-8047
-8037
-40804
-8035
24739
-40796
24740
24751
-40783
24753
-40781
-40780
24758
24764
-7994
-40748
24788
-7978
24798
-7969
-40729
-7956
-40719
24819
24823
24824
24831
-7935
24834
-40698
24845
-40682
-40675
-40665
-40657
-7889
-7886
-7882
-40649
-40648
-40647
24890
-40642
-40635
-40632
24905
24914
24924
24931
24932
24933
-40602
-40597
-40596
-40594
-40593
-7824
24953
24957
24960
-40570
-40566
-40555
24982
-40553
-40552
-7782
-40547
24995
-7771
-40537
-40536
-40535
25002
-7767
-40532
-40531
-40529
-7760
25010
25012
-40522
-40515
-40512
-40509
-7734
-7729
-40490
25049
-40486
-40481
-40477
25060
25068
25070
-7696
25075
-7688
-40446
-7677
25100
25101
-7657
-7652
-7647
25129
25130
25134
-40401
-7632
-40396
25146
-7621
25147
-40385
25152
-7614
-40380
-7612
-40379
-7605
25169
25170
-7599
-40363
-40361
-40357
25180
25179
-40353
-7584
-7579
-40346
-40328
-7558
-7551
-40318
-7547
-7545
25226
-7538
-40303
-7535
-40292
-7522
-40289
25255
-40280
25259
-7504
-40267
25269
-7495
-40257
-7485
25290
-40244
-7467
-40230
-7461
-40227
-7455
-40218
-7444
-40211
25347
25348
-40182
-7414
25358
25360
25372
-40162
25377
25387
-40147
25398
25399
-40136
25404
-7361
25408
25411
25413
-40123
25421
25423
-40097
-7329
-40093
25444
-40090
-40089
-7320
25450
-7317
25452
25453
-7304
25465
-40069
25467
25474
25476
-40059
-7290
-7286
25486
-7279
25491
-7276
25494
-7272
-40037
-40036
-40029
25508
-7256
25516
-7251
25520
-40013
-7244
25525
-7245
25529
-40005
-40004
-7227
25545
25547
-39986
-39977
-39968
-39967
-7197
25577
25579
25583
-7178
-7175
25593
-39939
25603
25608
25612
25615
25616
-7150
-7147
25625
-7140
-7138
-39905
25637
-39898
25642
-7122
25654
-39879
-39874
-39872
25667
-7095
25676
-7090
-39855
25684
25687
25688
-7080
-39842
-7074
25715
-7045
25726
-39807
25739
-39795
25743
-7024
-7023
25753
-39771
25773
25775
-6988
-39753
-39752
25785
-39750
-6978
25790
-39734
25803
25805
-39728
-39727
25808
25810
-6947
-6946
-39708
-6933
25838
-39693
-39692
25847
-6920
-6918
25860
-6905
25863
25867
-6893
25879
25882
-6881
-6873
25895
-6868
-39633
25903
-39627
-39625
-39618
-39616
-6847
-6846
25924
25926
-39606
-6834
25935
-39600
-6831
25943
25946
-39590
-39585
25952
-6813
-6812
-39577
-39574
25965
-39571
25977
25980
-39552
25990
-39543
25998
-39534
-6762
-6759
26010
26012
26016
-6746
26023
-6743
-39508
26031
-39504
26034
-39495
-6724
-6723
26044
26051
26059
-39475
26061
26063
-39471
-39469
-39462
-6687
26083
-6681
26088
-6679
-6677
-39439
-6669
-6664
26106
26116
26118
-39410
-6637
26132
-39402
26134
-6632
-6633
-6631
-6627
26141
-39391
-6623
-39389
-39382
-39377
26159
-39369
-6601
-39366
26171
26176
26179
-6589
-6580
26188
-39348
-6575
-39340
-6571
26198
-39331
26206
26210
-39324
26212
26219
-39316
26223
-39312
-6528
26241
26244
-39289
26247
-39286
-6518
-39284
-6517
-39282
-6516
-39279
-6506
26273
26274
-39260
-6486
26293
-39242
-6474
26296
-39236
-6467
-39231
-6461
-6460
-39224
26312
-39222
26315
-39220
26313
-6454
-39219
-6448
26323
26324
-39206
-6436
26337
-39198
-39194
26352
-39180
26358
-39177
-6409
-6407
-39175
-39173
-6395
-6394
26379
26385
-6382
26388
-39141
-6368
-39135
26405
-6360
-6359
-39125
-39119
-39118
26419
-6347
26423
26424
-39109
26430
-6337
26433
-39099
-39098
26439
-6328
-39094
-39092
-6323
-39090
-6321
26449
-39085
-39083
-39082
-6312
26457
-6310
26461
-6298
26479
-6287
26481
-39055
26484
26486
-6281
26487
26492
-39041
-6273
-6267
-6265
-39032
-6263
26504
26508
-6257
-39019
26524
-6242
-39009
-6241
26529
-6237
26538
-6229
-38996
-6227
26541
-6222
26547
-38983
26554
-38980
-6211
26560
-38973
-38967
-38965
-38958
-38947
-38945
-6173
-6168
-6165
-38930
26608
-38928
-6159
-6156
-38921
26630
-6137
26635
-38900
26637
26636
-38887
-38884
-6115
26655
-38879
-6097
-6093
26675
26679
-6085
-6083
26690
26693
-6061
-6057
26716
-38818
-38817
26722
-6045
26724
-6046
-6044
-38810
26730
26740
-38794
-6025
26748
-6013
-38780
26755
-38777
-5991
-5981
-5979
26803
26805
26806
-5954
26815
-5949
26823
-38704
26833
-38690
-5915
-5913
-5912
-5911
26868
-5895
-38662
-5894
-38659
26877
26879
26883
-5881
-38647
26889
26897
-5867
-38635
-5866
26913
-38619
26919
26920
-38615
-5847
-5843
26926
-38608
-38605
-5835
-38595
26947
-38587
-38582
-38573
-38568
-5799
-5798
-5778
26992
-5768
-5766
-5765
-38530
27007
-38527
-5753
27016
-5750
-38517
-5747
-5743
27030
-5737
-5736
-38501
-5730
-38489
27048
-5718
-38483
-5713
27055
27059
27060
-38475
27065
-5697
27071
-5687
-5685
-5681
-38448
-38439
27097
27099
-38434
-38433
-5665
27105
-5663
-5654
-5649
-5645
27133
-5634
-5632
27143
-38391
-5617
27152
-5612
-5611
-38378
27159
-5610
27174
-38358
27179
-38356
-5583
27186
27203
-38332
-38330
-38322
-5551
-38318
-5550
27218
27219
-5542
-38301
-38300
27235
-38290
-38288
-5520
-5514
27265
-5500
27269
27270
27271
27272
-5490
27278
-5484
27284
27285
27287
27291
-38237
-38235
-5467
27311
-5455
-5452
27327
-38201
27336
-38197
27339
-5425
-5420
-5409
27360
-5407
-5406
-5405
27363
-38165
-38164
-5396
-5393
-38158
27393
-38141
27404
-5358
27415
27422
-5338
-5334
-5333
-38097
-38089
27452
-5312
27465
-5298
-38066
-5296
-5293
-38057
27479
-38056
-5285
-5282
-5278
-5277
-38044
-38045
-38042
27497
27498
-5262
27507
-38029
-38016
27523
-5245
-38010
-5240
27528
-5237
-38004
27533
27535
27537
-37995
-5224
-37990
27550
27552
-5205
27563
-37965
-37963
27578
27582
-5181
27589
-5179
27593
-5173
-37936
-37930
-5157
27612
-37923
-37919
-37916
-37915
-5140
27638
-37894
-37888
-37881
-5111
-37878
-5106
27670
-5096
27673
27676
27679
27686
27689
27691
-37833
27705
-5061
-5058
-37817
-37806
-5036
-37800
-5028
-5022
-5018
-37784
27766
-37765
-4995
-37761
-4989
-4988
-37755
27786
-4979
-37745
-4975
27794
27797
27799
-4967
-37733
-4963
-4959
-37726
-4952
-37716
-4940
27834
-37700
27836
-37697
27839
-4926
-4924
-37690
-4915
27856
-37679
27873
27874
-4894
-4891
-4890
-4887
-37645
-37644
-4862
-37628
-4858
-37616
-37615
-37613
-37598
-4823
-4822
-4821
-37589
-4819
27950
-37584
27953
27956
-4810
27963
-37573
-4801
-4799
-4797
27975
27976
-4787
-4776
-37540
-4769
-37535
-4766
28010
28013
28017
-37516
-37514
-4745
28022
-37509
-37505
-4734
-4732
-37493
-4717
28056
-37477
-4700
-4698
28073
-37463
28075
-4685
28086
-4680
-37440
-4671
-4661
-37428
-4658
28116
-37419
-37418
-37413
-4643
28127
-37407
28129
-37405
28141
-37387
28151
-37380
-37378
-37365
-4595
-4591
-4587
-4585
28184
28189
-4578
28192
-4571
-37339
28206
-4559
-4557
28215
28220
-4544
-37311
-4541
-37304
28236
28239
-4529
28242
-4524
-37280
-4511
28263
-37272
28265
-37270
28269
28271
-37261
-4490
-37257
-37249
-4475
28295
-37237
28305
28306
-37231
-4459
-37227
-4450
28327
-4440
-4439
28330
28333
-4434
28337
-4428
-37195
-4423
-4417
28354
-4413
-4412
-37178
28360
-37174
-4404
28364
28365
-4401
28368
28373
-37162
-4394
28374
-4393
-4386
-37149
-37148
28388
-37145
-37141
-4372
28411
28419
-37116
-37102
-4326
28447
-37088
-4320
-4318
-4308
28461
-4288
-37034
28508
28518
28524
-37010
28527
28529
-37005
-4237
28534
28535
-36997
-4226
28545
-4222
-4220
-36986
-4210
-36974
28571
-36965
-36960
-4190
-36957
-4188
-4179
28590
-36943
-36932
28609
-36922
-4152
-4150
-4148
-36915
-36909
-4132
28638
-4128
-4127
28641
-4125
-4122
28647
28651
-36879
28659
-4105
28665
-4100
-4096
-4089
-36856
28683
28684
-4085
-36849
-4081
28691
-4075
-36833
-36829
-4060
-4058
28710
-4055
-36822
-4054
-36807
-36795
-4024
-4020
-4018
-4016
28759
28760
-4002
-36768
-36766
28772
28773
-3982
-36749
-36748
-3974
28794
28798
-3967
-36723
-3953
28818
-36714
-3942
-3937
28832
28838
-36695
-3927
-36694
-36686
28851
28854
-36680
-3908
-3900
-3892
-36660
-36658
-36646
28890
-36644
-36643
-36640
28896
-3871
28899
-36631
-3852
28918
-36610
-3841
-36607
-3838
-36605
28931
-36601
-36599
28948
28952
28953
-3811
-3807
-36572
-36567
28975
-36554
-3781
28999
-3766
-36529
-36528
-3753
-36520
-36515
29022
-36501
-36500
-36498
-3719
-3716
29053
-3714
-36480
-36476
29069
-36465
-3697
-3694
29083
-3684
-36447
-3676
29094
-36440
-3671
-36438
-36428
-3654
29118
-3649
29120
-36411
-3634
29138
29139
-36395
29153
-3614
-36379
29165
-36358
-3588
-36356
29190
-3571
-3569
29200
29203
-36331
-36327
-3541
-3540
-3539
-36306
-36301
-3526
-36290
29248
29251
-3516
29257
29264
-3502
29268
-36267
29271
-36263
-36257
-3489
29292
-3473
-3470
29298
-36236
-36227
29310
-3458
-3450
-36217
-36204
-3435
-36201
29338
-36197
-36195
-36192
-36189
-3416
-3411
29359
-36171
-3399
-36165
-36164
29379
-3388
-3387
-3386
29387
29394
29395
-3368
-36136
-3367
-36133
-3361
-3352
-3349
-36115
-3346
29422
29424
29430
-36099
-3327
-3325
29444
29445
-3319
-36085
-36078
29458
-36077
-36076
-36069
29468
29475
29479
-3287
29481
29482
-36043
-36042
29494
-3264
29507
-3258
29511
-3256
-36020
29522
-3240
-36005
-3237
29531
29532
-36001
-36000
-3231
29537
-35990
-3218
-35985
-3215
29557
-35977
29565
-35968
29572
-3194
-35962
29576
29577
-35952
-35945
-3173
-35937
29600
29605
29606
29608
29630
-3137
-3136
-3135
-35898
-3126
-3125
29644
-35892
-3118
29662
29663
-3103
-35870
-3100
29669
-35863
-3087
-35854
29681
-3085
-35852
-3082
-3081
-3071
-35838
-35833
29705
29716
-3039
-35805
29731
-3035
-35802
-35795
-3026
-3025
-3023
-3019
-3016
-3010
29760
29762
-3005
29765
-3003
-35765
29772
-35762
29775
29780
29786
29787
-35744
-35743
-2972
-2964
-35730
-35729
-35725
-2955
29817
-35715
29823
-2942
-35708
29830
-2936
29833
29834
29835
-35700
-35699
-2931
29839
-35695
-35691
-2923
29852
-2915
-35682
-2912
-35680
-2907
29862
-2904
-35664
-2892
-2887
29883
-2884
-2878
-2874
-2872
29906
-2852
29920
-35614
-35613
29925
-2832
29937
-2830
-2828
-35590
29950
-2817
-35581
-2804
-35568
-35566
-2792
-2784
29988
-35542
30000
-35515
-35513
-35510
-2741
-2739
30031
30033
-2734
-2731
-35496
-2724
-2721
30050
30053
-2707
30061
-35471
30066
-35468
30068
30077
-35453
30092
-2671
-35437
-2667
-35432
30104
30109
-35425
30121
-2646
-35413
-35412
-2644
-35409
-35404
30132
-35399
30141
-35393
-35391
-2621
-35387
30151
30153
30156
-2611
30157
30159
30163
30168
30172
30176
-2587
-2586
30186
-35345
-35337
-35333
-2565
30203
30204
30210
30215
30221
-35310
30227
-2538
-2535
-2534
-35298
30238
-35296
-2528
-2526
-2519
30251
30252
30253
-2512
-2504
-2501
30269
30271
-35264
30283
-2485
-35250
-2481
-2475
30296
-35226
-35225
-2456
30312
-35220
30320
-35212
-35210
30327
30332
30338
-2427
-35192
-35188
-35186
30351
-35185
-35176
-2407
-2403
-35168
-2390
-35149
-2380
-35146
-35139
-2370
-2367
30403
-2365
-35132
-35127
-2358
-35122
-35118
30422
-2345
-2343
-2342
-2340
-2338
30432
-35102
-2329
30441
-35092
-2317
-2310
-35075
-35071
30474
30479
-35056
-2288
-35052
-35050
30487
30489
-2276
-35044
30493
-35038
-2267
-35029
-2257
-2255
-2251
-2248
30522
-2246
-35012
-35013
30530
-35004
30533
30534
-34992
-2224
-34991
30546
-2221
-34986
30550
-2216
-34983
-34982
-2214
-34978
30559
-2208
-34972
-2201
30570
30571
30583
-2184
-2175
30593
-2171
-34930
30610
-34925
30613
30616
30619
-34911
30634
30636
-2121
30648
-34889
30657
-2110
-34871
-2100
-34867
30672
30674
-2090
-2087
-2084
-34847
-34845
30691
-2075
30694
-34839
-34838
-2066
30702
30704
-2060
30715
30718
30721
30722
30725
-34808
-34800
30738
-34795
-2027
30744
-2019
-2018
-2017
-34786
-2015
-34777
-34775
-2004
30765
30767
-34768
-1997
30772
-1992
-34759
-1987
-1984
30784
-1981
-1977
30793
-1966
-1965
-34732
30806
-1961
-1960
30815
-34720
-1952
-1949
-1944
30826
-34709
-34703
30833
-1933
30834
-1931
-34701
-34697
-1929
-34689
-1918
-34677
30863
-34672
-34670
30872
-34664
30877
-1890
30879
-1884
-34650
-1871
-34637
-1865
30904
30905
30909
-34622
-1853
30915
-1851
-34618
30919
-34610
30926
-34607
-34605
-34593
30951
-1816
-1814
-1812
-1811
-1808
-1797
30972
30973
-1794
-1795
-34559
30978
30977
-1785
30983
30997
-1764
-1759
-34526
-1754
31015
-1746
31025
-34510
-34505
-34502
-1732
-34491
31045
-34483
31054
-1713
-1708
-1701
-1699
31071
-1691
-34458
-34456
-1687
-34452
-1679
31092
31094
31095
31096
31098
-1665
-1655
-1651
-1645
-34411
31125
31130
31133
-34398
-34396
-34395
-34393
31146
-1615
-34377
31160
31162
-34372
31169
-34365
-34364
-1593
31175
31179
-34356
-1586
-34350
-34340
31196
-1569
-34333
-1561
31207
31212
-34319
-1551
-1548
-34316
-1547
-34314
-1544
31225
-34313
-34309
31229
-34306
31233
31238
-34297
-1528
31241
-1520
31253
-34281
31255
31269
-34264
-34262
31276
-1486
31285
-34248
-1479
-1475
-1470
-1467
31302
31303
31305
-34230
31307
-34225
-1456
31318
-1449
31323
-34212
31327
31328
-34204
-34203
-1430
-1419
-1418
31356
31357
31361
-34168
-1399
31375
-1387
-34146
31392
-1368
31400
-34132
-34131
31407
-34128
-34127
-34116
-34115
-34112
31424
-1344
-1341
-34106
-1334
-34098
-34097
-1321
-34086
-34079
-34074
-34071
-34070
31472
-34061
31478
-34055
31484
-1282
-1279
-1276
31496
-34035
-34034
-34032
-1261
31508
-34021
-34018
-34016
-1246
-34013
-34012
-1239
-34006
-34005
-33997
31545
-33990
-33991
31548
-1219
-33986
-1216
31560
-1207
-33974
-33973
31562
-1202
-33959
-1189
-33955
-1184
-33950
-1178
-1176
31592
-1174
-33935
-33934
-33932
-1159
31611
-33920
-1136
-1134
31639
31644
-1122
-33887
-33885
31651
-33881
-1112
31664
-33871
-33869
-1100
-33861
31675
31684
-33846
31692
-1075
-1074
-33842
-33837
31699
-1068
-1064
-33829
31709
31710
-1057
-1053
31715
-1049
-33811
-1040
-33802
-1034
31734
31738
-1025
31746
-33786
-33776
-1005
-33757
-33751
-33747
31797
31805
-963
-33724
-954
-33721
-33720
-952
-950
-33716
31820
-944
31825
-33706
31833
-911
-910
-33677
31860
31861
-906
-905
-899
31881
-33650
-33646
-877
-878
31897
-868
31900
31903
-854
-852
-849
-33613
-845
-33611
-33602
-831
31941
-33594
-33593
-824
31942
31943
-33590
-822
31962
31969
-33566
31972
-794
-33555
-785
-784
31986
31987
31992
-33541
-771
-766
32012
32013
-33521
-749
32019
32020
-746
-33509
-33508
32031
32034
-726
-33484
32057
-709
32062
-703
-33466
-697
-694
-33460
-33457
32080
32083
-685
32089
-679
-33443
-33442
32098
-668
-33433
32103
-33425
-652
32118
-33416
-648
-644
32125
32130
-636
-33399
-630
-631
-629
-626
32147
32151
-612
-33379
-33376
-607
-33369
32168
-596
-593
-591
-588
-33353
-33351
-580
32189
-576
32192
-33340
32209
-33325
32213
-33319
-33315
-542
-33309
-537
-33304
-33301
-528
-522
-521
-516
32253
32254
32256
32262
32263
-33272
32265
-495
-33259
-491
-33244
-474
-471
32297
32299
-33236
32305
-461
32309
32314
32316
-33212
32325
-441
-439
-438
32331
32339
-33196
-426
32342
32343
-33188
32349
32352
32358
32363
-33159
-377
-33143
-373
32396
-33139
32399
-368
-33131
32412
-33116
32421
-344
-341
-33105
-333
-33098
32441
-33090
32446
-33083
-33074
32476
32479
32480
-33054
-33052
-33051
-33048
32489
-276
32492
-33042
-271
-33037
32502
-251
-250
32519
32517
-33015
-33013
-33005
32548
32551
32553
-32981
-32978
-32977
-206
32566
-198
32581
-32954
-185
-32949
32588
-179
32591
-32944
-177
-174
-32941
32598
32614
-32920
-32918
32619
32620
-145
-32911
-137
32631
32633
32637
32640
32646
32653
32655
-100
-32867
-97
32672
32676
32681
-32851
32695
-71
-32821
32716
-53
-47
-46
-32809
32731
-32802
-34
-31
-32799
-24
32749
32750
32752
-32783
-15
-32778