11776
16385
10242
30721
10244
-17916
27143
25608
-16887
10762
5643
49163
-45042
13329
5138
-10214
6685
18973
7712
-18398
7715
20515
27686
-42457
-29656
15913
27689
-29141
42028
-11731
49198
-25041
-25551
39474
5683
9780
26171
-42941
-40380
44613
1094
-45495
9290
-4020
5197
-6571
-23972
9316
28772
-16790
35437
28269
43631
20081
17522
25715
-25992
-43399
-9093
-34982
-22914
-31615
26241
47747
43652
133
-13178
-35192
-10102
42636
-32112
-40303
28306
-18285
-34670
-25450
7835
41122
34981
9381
25255
28327
-2907
-41300
31407
-44879
28337
23220
-7495
16570
32441
44220
-2884
17604
31943
-18743
3787
22224
5841
7377
-41259
24278
-24873
-23849
18649
-3368
-2340
40670
17630
-28959
14051
-9501
1766
-44824
10476
-4372
46319
-13072
45814
34039
-8456
8956
35068
6398
-4862
26883
-20220
-766
19720
-28406
13072
-10992
-31466
-30952
-41701
-16100
-3811
-34018
7455
-37088
-27869
-22744
-1239
38698
-11987
30000
-11983
-26315
18742
35643
-21188
17725
-24257
9536
-4288
-8381
8006
-22710
-10421
-33974
-42673
25423
-32944
-2734
-39085
20308
-20138
-42152
-18087
-24742
-32421
33115
15707
48990
-12962
-45216
25946
-22174
-2724
-33443
-9370
-13464
21864
-19606
-10384
44913
20337
-37516
29557
-30345
-29319
17273
22394
-9858
4991
24960
-39041
11650
25474
45444
32130
-17018
14731
24462
33167
-46705
-41073
30613
-13927
36253
11678
-13921
10144
39329
-41567
-24669
33700
-13400
-26711
-30294
27563
-29780
19373
35758
21933
-41041
22449
26034
2484
43446
-40522
10170
16314
5569
-2110
22979
19396
-17464
-26165
43467
-19509
-24625
30674
-17450
-38439
-18469
27099
-12323
43487
-25120
-42525
44005
-9243
-18456
28651
33262
11248
-49165
39412
-38921
509
8702