-49165
-46705
-45495
-45216
-45042
-44879
-44824
-43399
-42941
-42673
-42525
-42457
-42152
-41701
-41567
-41300
-41259
-41073
-41041
-40522
-40380
-40303
-39085
-39041
-38921
-38439
-37516
-37088
-35192
-34982
-34670
-34018
-33974
-33443
-32944
-32421
-32112
-31615
-31466
-30952
-30345
-30294
-29780
-29656
-29319
-29141
-28959
-28406
-27869
-26711
-26315
-26165
-25992
-25551
-25450
-25120
-25041
-24873
-24742
-24669
-24625
-24257
-23972
-23849
-22914
-22744
-22710
-22174
-21188
-20220
-20138
-19606
-19509
-18743
-18469
-18456
-18398
-18285
-18087
-17916
-17464
-17450
-17018
-16887
-16790
-16100
-13927
-13921
-13464
-13400
-13178
-13072
-12962
-12323
-11987
-11983
-11731
-10992
-10421
-10384
-10214
-10102
-9858
-9501
-9370
-9243
-9093
-8456
-8381
-7495
-6571
-4862
-4372
-4288
-4020
-3811
-3368
-2907
-2884
-2734
-2724
-2340
-2110
-1239
-766
133
509
1094
1766
2484
3787
4991
5138
5197
5569
5643
5683
5841
6398
6685
7377
7455
7712
7715
7835
8006
8702
8956
9290
9316
9381
9536
9780
10144
10170
10242
10244
10476
10762
11248
11650
11678
11776
13072
13329
14051
14731
15707
15913
16314
16385
16570
17273
17522
17604
17630
17725
18649
18742
18973
19373
19396
19720
20081
20308
20337
20515
21864
21933
22224
22394
22449
22979
23220
24278
24462
24960
25255
25423
25474
25608
25715
25946
26034
26171
26241
26883
27099
27143
27563
27686
27689
28269
28306
28327
28337
28651
28772
29557
30000
30613
30674
30721
31407
31943
32130
32441
33115
33167
33262
33700
34039
34981
35068
35437
35643
35758
36253
38698
39329
39412
39474
40670
41122
42028
42636
43446
43467
43487
43631
43652
44005
44220
44613
44913
45444
45814
46319
47747
48990
49163
49198