-8190
-24571
-24570
-16376
49162
-24564
40972
14
24592
32789
-40939
24597
24
-8169
40986
-8167
-32739
8223
-40926
16420
-32731
-40924
-40923
-49111
32810
49194
-16341
24619
41006
-8147
-8146
-16334
-32717
8243
55
24635
60
-32707
-24516
8252
41020
24641
-16317
-40892
-24507
-8122
71
16456
73
-8121
24650
24652
-32691
-16305
16463
81
-16303
16466
49231
24657
16473
16474
-32677
49244
32861
49251
41060
8294
41069
110
-49042
112
24685
-40845
-8077
32885
-32650
16502
-40843
41089
-8062
49283
-49016
-40823
138
-32629
41099
41100
41101
144
32913
49300
149
16535
16536
-32613
156
-8037
49310
-40804
-8035
-40796
165
166
8358
41127
16550
8362
-48982
32940
24740
24751
-48975
16562
49329
-40783
-40781
16568
-32580
8382
193
-32574
-24380
8388
16581
-24376
41161
16586
49356
16592
16596
213
-40748
24788
-16168
8409
16600
-7978
-32546
8415
-16160
-48927
-48925
228
41189
-40729
-40719
49394
16628
-16134
8443
33020
8448
-24317
262
41223
49420
16653
276
-24300
-40682
16663
49433
285
33054
-32481
41246
-40675
-24286
33063
33064
-16089
-40665
-24276
8493
41261
-40657
8496
16688
49456
49459
-7886
-24267
-7882
-32457
-48840
-40648
-40647
41278
-40642
33089
-16063
-40635
41288
-40632
24905
49489
33106
24914
343
41305
8543
-32416
-32415
49506
24931
24933
-40602
-32409
16747
-40597
-40596
8558
367
8560
49520
-40593
-7824
-32396
16757
24953
24957
33154
-15998
-15995
33162
16779
-40566
33165
49551
400
33168
16785
-48750
-24172
16789
41366
-48745
-40555
-48743
24982
41371
-32356
33181
-40552
-7782
-40547
-32351
8612
-40536
25002
8621
-40531
-48720
41393
-7760
49587
-24139
41402
-40515
8640
-32319
-40512
-40509
16842
-7734
-15923
-15918
-15915
-40490
8665
-24102
16857
-40486
478
-40481
8674
-40477
-32283
-15899
-24089
8684
41452
-15891
49645
25070
8689
41457
-15886
-24076
49651
-7696
-48647
506
41469
16895
-24063
-40446
-32253
-32252
33284
-15869
-15867
-32246
8716
25100
25101
16911
41491
49683
41494
-32233
-7657
-24039
-24033
8735
16927
49696
33315
-24028
16933
551
-32216
41512
556
33330
8755
16947
-48586
25152
-23999
-7612
8775
33352
41545
49738
16972
-23985
25169
33362
-23981
41555
-48556
33366
41558
33368
41561
41562
25170
-40361
-32163
25180
-15777
16991
16993
-7579
-40346
-23960
-23958
33388
41583
-48526
-32140
8820
49781
-7558
-15748
-32130
639
640
-48513
-7551
-40318
33413
-32122
17033
17035
49803
-7538
660
-32107
8853
-48491
-32102
-23908
41629
-40292
33439
-40289
-48474
8873
-32085
49835
-15699
25259
691
-23884
693
-48460
17079
8888
8889
33466
49848
-48455
17082
17083
17087
-40257
49857
-32061
709
8903
-15672
-32054
-15670
25290
718
49871
-48429
724
-15661
17107
-7467
-48423
-15654
-40230
-23843
41696
41697
33506
741
-32026
-40218
-48406
-15638
-40211
8942
17135
-23817
-23816
-23814
-15621
33533
-32002
-15619
-15616
-23806
25347
25348
8965
8969
-40182
-7414
782
8976
-31983
17169
49938
49945
25372
-23778
8991
17182
803
49960
9002
-31957
25387
41773
814
41779
-48332
17204
41782
49974
25398
-40136
25404
-31937
25408
-23743
-23742
41794
17220
-48315
-15546
33607
-31928
49991
25411
41803
25413
33619
-31914
-15530
41816
17242
9052
9054
-15521
-40097
865
17250
-7329
-40093
872
-23703
25450
-31892
-15506
-48271
33651
-23692
33655
9079
17272
9082
-7304
892
894
-23681
-48256
-15483
41862
9095
17286
-7290
-48246
-15478
908
9100
25486
-15471
33682
-48237
33684
25491
-15465
-23656
33690
17311
41888
-40029
17316
-15451
9126
41895
-31832
41898
25516
17326
33711
33714
-7244
25525
41912
-48199
-40005
-40004
33725
33728
41921
33730
9157
-15418
17351
25545
41931
25547
41933
41937
33746
982
9182
-39967
-23582
41954
996
33765
-7197
33767
41959
-31767
25577
9198
33776
-7178
33783
-23560
-23559
-15369
-15366
17403
-31747
-48131
17405
-23552
9216
-7175
-48125
41989
9222
17415
-31735
1033
-31733
17417
33805
1038
-48118
42000
17425
25615
-23533
-23532
9237
25616
-7147
42008
-7140
-23522
-7138
-39905
1058
1061
-39898
1065
25642
-23509
9259
42027
-7122
-31697
1076
33845
9268
33854
-39874
42048
42050
25667
-31674
42055
-48056
25676
-15283
-39855
-15275
9302
25688
42074
-48038
-31652
-23459
42077
-15260
-23451
9321
42095
-15245
1142
1147
-7045
25726
-15231
17537
-15229
17538
-15227
-39807
1160
-15222
1163
-39795
-31602
-7023
1170
1171
-15214
42136
33949
-39771
-15192
1194
25775
1200
42162
-15182
-6988
33973
1206
42167
-39753
-39752
9402
-15173
33980
42172
-15168
17601
42180
1222
-15162
9417
-31542
1227
25803
42189
1230
1231
42191
9425
17614
-47917
-15149
25805
-39727
42200
1241
17626
-6946
-23327
-15133
-23321
17640
-31510
-31508
42220
17647
-15119
1266
17651
-15116
-39693
-6920
-6918
42236
34045
42238
42239
-31488
1282
1283
-15101
1285
1286
17667
-23288
17672
25860
-23285
25867
9485
1294
34063
34064
1298
34067
-23278
-15086
-6893
25879
-23272
17688
-31462
25882
-31460
9502
-23265
-6868
-31442
1326
-47825
1329
34098
9521
-15053
-39633
1334
34103
-39627
-23236
-15043
-47809
1344
-23229
-23228
-23225
-31414
17738
-31412
-39606
-6834
-31407
9553
42323
-31404
9556
42325
-47783
42330
34140
-23202
34143
42335
-23200
17762
-31389
25952
17766
-31383
-23190
-14998
-39574
25965
-23178
-31368
25977
25980
34174
-23159
17804
17807
-39534
1430
-6762
-6759
-23142
34204
26012
34207
-23135
26023
-47703
-47701
34220
-39508
-23122
-31311
1457
-31308
9653
17847
-47688
-39495
17850
34236
34238
-31297
-23105
-14913
-31294
34243
9666
17860
17861
-23095
26059
-31284
-39475
17872
9681
34258
-39471
-23084
-39469
17880
-14886
1502
34274
-14875
26088
-6679
1514
-47637
-47636
-14868
-6669
17908
-47627
-47626
-23049
-47624
17912
-23046
-14854
1538
42499
17923
26116
17926
-23033
9736
42504
-23030
-47609
34316
17927
-39410
42511
42512
17935
26132
34325
-39402
1560
-6632
17947
-6627
42526
-23008
1578
17962
-14802
-39377
42546
1589
9783
-22984
-39369
9791
26176
42561
-14783
34372
17989
-14777
42569
9802
42572
-47540
-14772
34383
-31152
9808
-6580
-22957
26188
-39340
34390
-31145
26198
26206
9824
-14751
26210
-22941
34406
1640
26219
34412
-14740
34414
-31120
-22926
-22923
-31112
1657
42616
9849
18040
18047
-31104
-14719
26244
9861
-39286
-6518
-14708
-39284
-6517
-39282
-6516
18065
34450
18066
9878
34456
42648
-47458
18078
26274
1700
18085
18091
1709
18093
26293
9911
-31047
-47428
18109
-6467
18111
9920
42688
42691
-6460
-39224
26312
-39222
26315
-39220
34509
18127
-6448
9938
9939
-31020
-47403
26324
-31017
-14631
-39206
-6436
42720
9953
-47392
9955
-47391
-14620
9958
42726
-47386
-47385
-30998
-14618
-14616
34541
-22800
9969
-14608
26352
-47370
26358
-39177
-6407
42746
18176
42755
-47357
-6395
-6394
-22776
18187
26379
34575
-22768
26385
34580
26388
10008
-22757
-39141
-6368
-39135
26405
-6360
42793
-47319
-6359
34604
-30931
10029
-22738
-47316
-47314
-39125
-39118
34612
26419
26424
-22725
42811
-39109
26430
-30913
1855
1857
10050
-14528
18243
-6337
18246
26433
-47288
26439
34634
-39094
-39092
18254
-39090
26449
42834
34643
1876
-47275
-39083
26457
42843
18267
-47266
-30880
42851
-30876
-14491
34662
-6298
-30870
18282
1905
34674
-14477
18291
-6287
42870
10103
26481
-30855
42874
18298
-6281
-30851
-22658
-30849
34687
18305
42882
26492
-6273
-6267
-6265
-6263
-30835
10125
-22641
-6257
1940
-22636
-30826
10133
10134
34713
10137
10138
-47206
34717
-30818
-14433
1952
-39009
-22622
34728
-14424
26538
1964
-38996
-6227
26541
-6222
26547
-22604
34741
-30794
10167
42936
-47178
-38983
1979
-30788
18365
-6211
-38973
-30779
1990
-47160
-47157
18379
42958
-22575
-38958
-47148
42965
34777
-47142
-47141
-22561
-38945
18406
42983
-6165
26608
-22541
-47117
-14345
18426
-14336
10245
26630
-47097
-6137
-38900
26637
2064
43026
18450
-14317
10263
43035
2076
2077
-38884
-6115
2080
-38879
43042
-30685
2085
-22490
34860
18476
-14291
-6093
10293
2103
2105
-30662
-47047
-30660
2108
34878
18492
-30656
-6083
43075
-30652
43076
43077
-14268
26693
43081
43082
34897
10321
-30635
43095
10328
-6057
18525
43102
34911
43105
26722
-6045
26724
-22427
43113
34922
26730
18540
2157
10349
-38794
43127
34936
-30599
-6025
18558
10368
-46976
18561
-46971
-30585
2183
18567
18568
-38777
26487
-22382
-46954
-46951
-46950
-5991
-40267
43169
18593
-30557
-46941
2213
18597
18598
-5979
-30551
2217
26803
-14149
18623
26815
-30527
-5949
-30524
-46908
-22330
10438
-14132
-22323
-22321
18640
26833
35027
-30505
-22310
-30498
18654
-38690
-22301
-5915
-46870
35052
43248
43249
2290
-46864
18672
26868
-22282
-14089
-30472
10489
-14086
-38662
-38659
-30465
-14081
35073
26879
-22266
10503
-14072
-38647
-46838
2315
2316
-30451
35084
18698
18705
2322
-30445
26897
-5867
-46826
10519
-22248
-22246
10525
-46818
-30430
43299
18723
35109
-14044
-38619
2344
26919
-38615
-46805
-22228
-5847
-5843
2355
-38605
-46791
35130
18749
10558
2367
35136
10559
43327
10562
2372
35141
-14010
26947
35147
18766
43348
-30379
2391
-38568
-5799
-5798
-13987
-22178
10591
43359
-46748
18789
18790
-13977
35177
-46743
10604
43373
-5778
18800
10609
26992
18804
-30346
-5768
-30343
35194
-22149
-38595
35197
-30338
43389
-30336
43392
-13951
-13950
-30332
10628
-22139
35207
10631
-46716
-13947
27016
-5750
-5747
-5743
35219
-46698
27030
2457
2461
-46691
-46688
10659
-13917
35237
-13914
-5718
-38483
-13905
-5713
27055
27059
-22089
27065
-13892
-5697
-13887
2499
-30268
43461
-13881
2505
-5687
35275
10699
-5685
-30256
-46640
43474
10707
-13871
-13867
-38448
18903
18904
43481
2522
-46631
27097
18910
-46624
43489
43490
43491
18915
-13852
18918
27105
-22039
18921
-5654
10732
-22032
-13839
-30221
10742
43514
-30211
-5632
35331
-13821
35333
43535
2576
2577
18962
-5612
-5611
-38378
27159
10776
-46567
18977
-21982
18978
18979
-30170
35367
-13782
-38358
27179
43565
10801
-5583
27186
35382
10806
-13770
2617
-13767
-30149
-46534
43585
-21948
-46524
-46523
10823
-38330
-21943
2637
-38322
35407
-21937
-46513
-46512
19024
-38318
-5550
27218
43613
2656
-38300
-46491
-13723
10855
10856
-30103
43627
2668
-30099
35438
-21906
-21905
-13714
-46481
-46479
35444
-38288
-5520
-5514
-13700
35453
-21891
-46462
-5500
35461
43653
-46458
2698
-5490
-46447
-13678
-13676
2709
43670
-5484
19096
27284
2714
19099
27285
-30051
10910
-21857
-13667
19104
-30046
27291
-38237
19113
-30038
2730
10924
-13654
-46420
35503
-13652
-13651
43698
19119
27311
-30025
-30024
2744
35514
43706
-30019
-13634
-30017
-21824
27327
-38530
10948
-21816
-30005
-30004
-5425
43728
-46382
2772
-21803
35542
-13611
35544
-46378
43738
19158
19163
-5409
-5407
-5406
-5405
27363
-13594
43755
10988
19180
-38165
-21777
-38164
-5396
-5393
19187
-38158
-21769
-46344
-21765
35581
11006
-13569
27393
-13562
19207
43785
27404
19214
11025
35602
-5358
43796
-13546
27415
-29925
2844
43803
2846
35616
-13535
-13530
-5338
-46296
-13526
-29909
-5334
43828
-21704
11065
27452
-29890
-29889
35647
19265
-5312
27465
-46258
-21681
19280
35665
-46254
-5298
43860
-13484
35670
-29865
-5296
43865
-5293
-38057
-29859
2909
43875
-5277
-38044
2920
27498
43884
-13457
-5262
27507
-29836
-21643
11126
-46216
35706
11130
43901
43902
19325
-29823
27523
-29820
2948
-13434
-46201
-38010
-5237
43916
-38004
27533
-13423
35730
11155
27537
35734
11158
11160
43928
43929
-46186
-46181
27550
27552
-13404
43943
2985
-29782
2986
-5205
-46163
-21586
-46162
2992
-46156
43957
11193
-21574
43961
-21572
27582
11200
3009
35781
35782
-13371
-46136
27589
35786
27593
43981
-13357
11220
-29738
19416
35803
43995
27612
-13344
11233
-46111
11235
-13340
-13335
-46101
11244
44013
3054
-46100
-5140
-21515
11263
-37888
35842
-21501
3079
-13305
35849
-21494
-37881
44045
35854
35858
11282
11285
3094
19480
-5096
-29668
19484
27679
19490
-21466
44073
11305
27691
-29652
-29651
11308
19500
19501
-46031
-13262
-21453
3126
-37833
35897
-46023
27705
-5061
-5058
-29632
-29631
-46016
-13246
-13245
-21435
35916
-21425
-29616
-37806
3155
-21421
44115
-5036
-13224
-5028
-29598
-21405
-45982
19558
-21401
-37784
-29591
-29588
-13203
-21394
-13201
-29583
-13199
-21389
35956
19572
3193
-29573
-37765
-29569
35971
19588
35973
-4989
-4988
-37755
-37745
35984
35985
-4975
27794
27799
11416
19608
-37733
11423
-21344
-4959
-37726
3237
-4952
-45911
-45909
11438
19633
-13133
19635
3253
-45899
36024
-29509
36027
-37700
27836
-29505
11455
-37697
44235
44238
44240
27856
-37679
19667
19668
-21287
19674
11483
-21282
44254
-29471
19682
27874
3300
-4890
-45848
-4887
-21270
-13073
-37645
19700
19701
44278
-37644
11514
-29445
11516
-29443
36095
-29440
-21247
11524
-45818
-4858
11530
-21237
-21230
-37613
-29416
44314
11547
-45798
3357
11550
44318
-29408
-13025
-4823
-4821
-21204
-4819
-37584
27953
36146
-21197
-13006
19762
-29385
19768
-21190
44346
27963
44351
-4801
-29375
19778
-4799
-45756
19780
-21178
-4797
19788
19794
36182
-45736
-4776
19802
36187
3420
-4769
19809
-21150
11618
44387
44388
-12957
-45721
3432
-45720
-45716
28013
3438
44403
19828
-29323
-21130
11641
-29316
36221
-45699
-12930
-37505
-29308
3460
44420
-21115
19845
36234
19854
3471
-4717
3477
19862
28056
-12901
-21092
-37477
44449
11683
28374
-4698
28073
-45648
-4685
-29259
19893
28086
-45639
36283
-12868
44480
-37440
-12860
-21049
44488
44489
19913
19914
36304
28116
-45611
-12842
-29225
44503
19926
-37419
44507
3548
-37418
-37413
-29215
-37407
11747
36324
44517
28129
-45591
-29203
44526
28141
11760
19952
44532
3576
36347
-12804
-45571
3582
19966
-37380
3585
-37378
36356
-12794
44552
44556
-4595
-4587
-4585
-20968
-20967
36382
-20956
-4571
-29146
20013
-20946
11822
11824
-12753
28206
-4559
-12746
28215
28220
20030
11841
20034
3651
11844
-12732
20038
-37311
20040
-12727
-29109
3660
-20917
44623
-45488
28239
28242
-20909
-4524
3670
-12713
20056
44633
-29094
20058
-45477
36446
-29088
-37280
-45470
-4511
-12700
28263
-45464
-45463
-37272
11884
44653
11887
3696
3697
11889
28271
3700
-37261
-4490
11895
11896
44663
-37257
3715
3716
-12668
28295
-45432
-12664
36490
-37237
3724
44684
-12658
28305
11923
-4459
36503
-20840
-45413
36508
-45412
-12645
20125
20128
-45407
3749
-12634
-4439
36522
-12630
-20820
20140
-5766
11951
-4434
3761
20146
-5765
-20812
-4428
-45382
20155
44734
3776
-28991
36545
-45376
-20796
-45375
28354
-4412
11977
20171
28368
-45357
20180
-28971
-20779
36567
11992
44761
11994
20181
-45348
-37162
-4394
-45345
3808
-45343
20195
-45340
-20761
-37141
20205
20210
-28941
44787
3829
-45321
36601
28411
-20740
-20737
12033
-45308
-20727
-20726
-20725
44809
20236
44814
-45297
-45294
20244
44821
-45290
-20713
36633
12057
3870
-28897
28447
-28895
3873
-45278
12068
-4320
-4318
44839
36649
-20694
20266
44845
-12499
3888
12081
-45261
-28875
12085
-20681
-28872
12089
3900
20285
20286
-45248
-12478
12099
36678
44871
-12474
3913
36682
20294
20299
20305
-20651
36694
-28841
-20649
-45223
12122
-37034
-28836
12129
-45215
-45213
-12437
-37010
28527
28529
-37005
-4237
44917
28534
36728
-36997
3965
-28802
-20611
-12417
-28799
-28798
3969
36739
-28795
20356
-4226
-45176
44938
36749
-20593
12175
20370
-45157
28571
12189
44958
20384
12193
-36957
-28764
-4188
-20568
20392
-12374
-28757
-20565
-20564
12206
44974
-12369
-4179
36788
4030
-20542
-20539
-28730
-36922
-4152
12233
20427
-12340
-28723
20428
-20529
-4148
4049
-36915
-36909
-45100
36821
45013
-45097
45016
-28708
20446
28638
-45088
-4127
36834
-45085
-4122
12264
-20502
-28693
12268
-28691
4077
20463
45041
-28686
4083
-36879
28659
12278
-20489
12280
28665
-4100
-20482
-4096
4098
12292
20484
45067
28683
20493
28684
-36849
-4081
-28655
-12271
45075
-20459
20502
-4075
12312
4124
20510
-20447
-12255
20513
-36829
-4060
-28634
-4058
-28631
4140
-20426
12342
20535
-45000
-20421
-12229
-28609
-20414
-44989
-28604
-4024
4169
36937
-20407
12362
-20404
-12209
4180
-44971
-28585
28759
12377
28760
-4002
12384
45153
12387
36968
4202
-28565
-20370
36976
-20367
-36749
45173
12406
-44938
-28549
4219
36987
4222
-20357
-28544
-12164
20607
-12157
36996
-20345
4232
-20343
-20341
-33351
28818
-36714
-12137
-12134
-3942
-28514
-44898
-44896
25269
-3937
-20317
28832
-44890
28838
37033
-20311
-36695
-28500
12464
-44877
-28490
28854
-36680
-20295
-28486
-3908
-20291
-28480
-20284
45257
-3892
4301
-12082
20686
-36658
12497
-44847
-44845
37079
-20264
20695
-36646
4315
28890
-36640
-44831
28896
37091
28899
37094
-36631
-28437
37099
20721
12530
12534
-28424
4346
12539
-36610
-3841
-28415
-36607
-36605
-20219
37126
-12027
-36601
-28407
12553
-20213
-44791
-36599
28948
37141
20759
4376
-28391
-28390
-12005
28952
-44768
-3807
-28382
-11998
-28380
45349
-28378
20774
37160
-28375
37161
-11993
20780
-36572
-20178
-36567
45373
-20161
-44737
4417
4418
37187
37188
12613
28999
-20151
12618
45387
20810
20812
37198
45391
-3766
-36529
-36520
4443
-20133
45405
-44707
-20129
4448
12639
-36515
29022
20840
-28311
37225
4462
4467
12660
-11917
12664
-11912
-28294
4475
45434
20859
-3716
-28289
12672
-11904
-28286
20865
20866
-28283
45445
-36480
45449
29069
20878
-20080
-28270
-44653
-44650
4503
12695
20886
-44646
29083
-3684
-28259
45469
37280
12707
-11869
29094
45479
20904
37289
-36440
-36438
37294
4528
-20047
37299
12728
45498
-3649
20928
29120
-36411
-28214
-28212
45516
12753
-20014
-44589
-36395
45530
-44580
-3614
37352
37354
45546
-44564
37360
12784
-44557
-36358
-3588
45565
-19967
45570
37379
-11775
-11774
37382
37383
-19962
29190
-11764
4622
4626
-28141
4627
12819
-19948
12822
-19944
-19943
29203
4635
12828
12829
12830
12835
4647
-19928
-44505
4650
-11733
-3540
-3539
-36306
-36301
-19915
4664
-3526
21052
37439
45632
-11712
-19902
29251
37444
-19899
12869
12871
-11708
45642
-44470
-11699
37454
45649
37461
4695
21079
-44456
-11686
-36263
12894
-36257
-11680
-3489
-28058
-28057
-19865
4713
12903
-44442
45677
37486
21102
-3473
45681
-3470
29298
4725
-28042
37495
-44427
-36227
45694
-44418
-11650
29310
-11646
-3450
-19833
21128
-36217
37523
-19821
-36204
12951
29338
-36197
-44388
4768
45731
-11612
-19801
4781
12974
-3411
21169
-11595
-11593
-3399
21178
45755
-11589
-36165
-27970
-19778
-36164
-19775
45762
-27965
29379
-27963
-19769
-44344
4809
-19767
45769
-27956
45773
29387
13007
-44335
29394
4820
-19755
-19753
13015
-11558
-11557
-36133
4835
37604
-3352
-27927
4842
13035
-19725
13044
21238
29430
4857
13049
13051
-44294
21244
-11522
-36099
-3327
4868
-27897
37640
-11512
37642
45836
45839
-36078
29458
45845
29468
45854
-27870
-44250
-11480
-3287
13099
37681
-36043
-36042
21303
4920
21305
29494
37693
45887
37699
29507
-27835
13125
-27833
21320
-3258
29511
-19634
-44210
-44209
-44208
-11441
-44205
29522
-44203
4950
21335
-27816
-27815
21337
-3240
-36005
-3237
29531
-44193
-36001
-36000
-44184
37740
45933
-3218
-35985
-3215
21362
-44173
37750
-35977
4988
-11396
21373
-19585
-27776
-19584
29565
37763
29572
37765
13190
-3194
5000
13192
45962
-19573
29576
-11368
-44133
37791
-35937
29600
-19548
13221
21412
29605
29606
13229
45997
-44113
-11340
-11335
-19524
-11331
37823
46015
-19520
21441
-11325
46020
21443
-3135
37833
-3126
37836
5069
29644
-27695
5073
13266
-11309
-19499
13270
-44069
-27684
46044
-19490
29662
-35870
-3100
-11291
-35863
-27670
13294
5103
-27663
-35854
46070
-19465
-3081
-27654
-11269
-27652
21502
-44030
37898
13326
46094
13328
21519
-19437
-44013
29716
13335
46104
-19430
5150
-27617
13342
13344
-11231
-35805
13349
37926
-3035
-35802
21545
-19414
-27603
-3025
-3023
21555
21556
-43979
-19401
37946
-11201
21567
29762
-3005
-19388
29765
-11194
-35765
29772
21581
5198
46159
-19376
37969
-35762
29780
-19371
29786
29787
-19361
46175
-43935
5218
13413
-19352
-2964
5229
-43922
-35730
38001
-19342
13432
38010
-19333
13437
-35715
29823
-2942
46211
-11133
46213
-27513
13447
13449
-27510
29833
38028
-19316
46220
46223
-43888
29835
38034
-35700
29839
-35695
13462
-43881
-35691
-27493
38048
-2912
-19292
29862
5287
-43860
-27474
5295
-19282
38065
21680
46261
29883
-27458
38079
13503
13505
-43836
-2874
13519
46289
29906
21717
21718
-27433
38106
38108
-11044
-27423
29925
-43800
-43797
13550
46320
21744
29937
-2830
-11020
-2828
-19209
21754
-43781
-19204
5373
13566
-35590
38144
29950
13574
5384
-43767
21770
-27381
5388
-43760
-35568
-43755
-2792
13594
13597
-2784
-27352
-43735
21801
-35542
13613
-10962
-27341
-19147
38203
46396
-19139
-10947
38209
-27326
-27325
46402
13635
46406
13639
21829
21832
-35510
-10921
-35496
-43687
5471
46432
-27294
30053
46438
-10906
5482
-2707
21870
5487
38256
5489
21871
-35471
30066
46456
21882
38268
5501
46465
5507
-27260
-10874
-27255
38283
-35437
5527
46487
-19048
-19047
5531
13722
21915
-19042
-43619
30109
-10842
5543
46505
30121
38315
-27220
13741
21934
-19025
46511
-43601
-2646
-35413
-35412
-35404
-27209
46521
-43590
30141
-35393
-19007
-19006
5571
-10813
-19003
5574
46533
-10809
21961
-35387
30153
-18996
-27186
30159
5586
13779
5589
-43556
-10788
-18978
-10787
30172
38369
46562
5605
46565
-2586
-18968
5610
-10770
5615
13808
22003
-27146
22006
46584
-35333
5628
-2565
30203
-18942
46595
38404
-27131
46597
-18937
-10747
-27126
-18933
5644
5647
13840
22033
-27118
-35310
-27116
-2538
38425
-35298
30238
13858
-2526
13861
-27097
-2519
13867
30251
30253
-43472
-43470
5684
-18891
46646
-27081
-27080
-2501
46655
-35264
-18878
-18877
-18876
-27067
-27066
38471
-43450
30283
5708
46670
13903
-35250
-2481
-10670
13907
13908
5717
38486
-2475
-27046
22110
-27040
13920
22112
38499
38502
-35226
-2456
46697
-10646
-35220
22125
-10642
5747
-35212
-35210
30327
-27015
13949
-18816
5765
-43386
-18809
-2427
-26998
38542
46735
30351
-26991
-43371
-26981
-10596
-2403
13987
22183
-26967
22186
-2390
-26961
-10577
-43342
-10574
14004
-18756
-43331
-2370
14016
-2367
-26941
-26940
38595
30403
14025
-35127
5835
-43317
-2358
-10545
14033
-26915
-2338
-26912
5856
-18720
-43294
-10526
22245
-43288
30441
38636
-10516
22253
14064
-43278
-18701
-43272
5881
38650
14073
14074
25593
22278
30474
14092
5903
-35056
-35050
14103
30487
-26855
-2276
-10463
-35038
-26845
38691
5925
38696
14120
38702
22318
22321
-26830
-2255
-43209
-26824
46905
30522
-18629
38716
-35012
-26816
5953
30533
-18618
22345
-26802
-43186
38736
-34992
-26797
-34986
30550
-34983
38746
-2214
-26785
30559
-34972
30571
-26769
38768
46963
6007
-2184
-10374
-10373
38782
38783
6016
-10370
14210
-18557
-2175
14213
30593
46983
-10361
6026
-43126
-34925
-43114
6039
-10344
-10341
-34911
38818
6051
6053
38824
-10322
6069
6071
-2121
30648
6074
-10306
22462
-10304
-10303
30657
14276
6089
-34871
-10293
22475
-2100
-34867
-26671
-10287
-2090
38872
6107
47067
-18465
38880
47073
-34845
-26651
-2075
30694
-10264
-34838
38893
-18451
6127
-2066
38897
22514
30702
-18441
-43017
14330
-43013
-10245
22524
-26625
47105
30722
30725
6151
-34808
-26613
47115
14348
22540
30738
38932
-10220
-34795
-42985
-2027
30744
-26597
-2019
-42978
22558
22560
-2018
-2017
6181
-34777
-18390
-2004
-34768
6195
38965
-42953
-42952
-1992
-26565
22588
-1984
14401
-1981
-10172
22597
22598
14408
47176
14410
6219
22603
-1966
-1965
-34732
30806
38999
-1961
14425
-26529
47200
-34720
-1949
39012
47204
-1944
22640
-18319
14449
-34703
-1933
-1931
-18313
47224
14461
-42882
-34689
-18304
-1918
-42877
-10107
-18296
14472
14473
-10104
6286
-10097
22672
30863
6290
47251
-42859
14487
30872
6298
22684
30877
6302
30879
-42847
14498
6308
-34650
22695
-26453
-373
6320
-18256
-10064
-26445
-10060
-1871
-34637
-42823
47290
-18245
30905
30909
14528
39106
-34622
-1853
30915
6342
-42810
-10040
-26421
-34610
-18225
39120
14543
-26414
14544
39124
30926
-34605
-10023
22748
-42786
47327
-10017
22751
-18204
-10011
14567
-42777
-18199
-10007
-1814
-42771
-1808
22770
-18188
-18182
22779
-42756
-18179
-1797
6399
14591
-9983
30973
47363
-1794
-34559
30978
-18169
-1785
30983
-18159
-26348
30997
-26345
-18151
47388
-18147
-1764
-42716
-42715
22820
22823
39209
-18132
22828
22829
-26321
14639
31025
22834
39219
47411
-9930
-34505
-42696
-34502
-1732
-26307
6462
47424
-42686
-9916
22853
-34491
-18105
14664
6473
22855
31045
-34483
22862
-18097
31054
39249
-26286
14673
-1708
39255
14682
-26277
6492
39261
47455
-18080
14689
-42652
-26266
-42649
-34456
-34452
-18067
-9875
-9874
47472
-1679
6515
31092
31094
-26249
31095
-9863
-18053
47483
-42627
-26242
47486
-9857
39297
22910
-26233
6537
6538
-9846
-1655
-42611
14738
6549
6550
-42602
-9833
6553
6554
-9830
-26212
31130
-34398
6564
-18011
-34396
-26199
-18007
6571
-42580
-1615
6578
14771
14772
-9804
6582
-9803
31160
-26180
6588
6590
14781
-42561
-34372
31169
-34365
-34364
-1593
-42549
-26164
39373
39374
22987
-26159
-34350
-9771
6620
23005
-34340
31196
6630
-1561
31207
-26134
47594
39404
-9747
-17937
-34319
-1551
-42509
23028
-1548
-1544
14841
31225
-9729
14852
47621
31238
-42489
-9721
-1528
-26102
-1520
39442
23059
23061
23064
-26087
6682
6683
-17893
-9703
-26081
-42458
-34264
-34262
-42450
23092
23093
31285
-1479
-42437
-1475
47681
-26046
6723
-17852
23108
-17850
-1470
-17848
31303
-9654
-34230
31307
14925
-9650
6736
14931
39508
-26027
31318
-26023
31323
6748
6749
-34212
39520
6753
14945
47715
-42400
-42399
47718
23140
-17816
6761
6762
-1430
-42384
-9615
-17806
6773
14966
-9610
-1419
-42374
-17796
23164
31357
14979
39560
-42360
-34168
14992
39571
-42345
39578
-17766
-17764
-34146
31392
-1368
31400
-9558
-9556
-34132
-34131
47791
47798
39612
39613
15037
-34112
31424
15043
39620
15044
47814
-1341
-34106
-1334
-9523
39634
-9517
-17708
-17705
-9507
6880
-34079
39650
47842
23267
-25883
47845
-34071
-25877
-25876
31472
-17679
23282
6899
47860
6901
31478
-17673
6904
-34055
-25862
23291
-25859
-42243
39679
47872
47873
-1282
-1279
15114
-34035
-34034
-17649
15119
-34032
6930
-9453
-17641
-42217
6937
-34021
-34016
-34013
-34012
-17625
47912
39722
-17614
15155
47922
39733
-33997
6967
15160
31545
-33990
-17605
-17604
31548
-33986
47935
-9402
47944
6985
47945
31560
-33973
6989
39757
31562
-42154
23385
-33959
-1189
7005
7006
-33955
-1184
23393
-42142
-33950
-1178
-1176
31592
-42134
-42133
23402
24190
23406
-33935
-9358
-33934
-33932
-1159
-9350
31611
-17539
-25728
-42111
23427
-25722
48007
-17528
-42103
-9335
23436
-25715
-17522
15250
-1134
48020
31639
15257
-25701
-17508
-1122
-33887
39843
-25692
-33885
31651
-42072
-1112
39850
-17494
-17493
15277
15278
23468
31664
-9295
23473
-33869
-9292
39861
-17480
-42052
48063
-9280
31684
-25656
-17463
48072
23497
-33846
-1074
-25648
-42031
-17454
39891
-33837
39894
-25641
48087
23512
-1064
-33829
15325
48094
-42019
-42018
48097
-9251
23518
-9245
-1053
-25626
-42010
7144
7145
-42008
-1049
-42000
7155
-9229
48117
23539
23543
48121
31738
39932
-1025
-41984
48129
-9215
31746
39940
23556
-33786
-25592
15374
-25584
-41967
7186
-25581
39955
-41966
-1005
-17384
39964
-9187
48162
-17373
48164
48165
23587
-33751
39980
-25554
-41937
23600
-25548
-25545
48184
23610
31805
-17345
-41919
-41917
15430
48199
-9145
-33721
48202
7243
23627
7245
-9140
-41907
-33720
-952
-33716
7251
31820
48214
-33706
40027
23643
-41890
40031
48224
-9118
15463
-17300
-41876
-41875
-41874
48240
48241
40050
-9107
-910
-33677
-25482
-25481
31860
-906
-17286
40059
-9094
48253
7297
-17279
-17278
15489
48259
48264
31881
23695
15507
48276
-877
-17258
-17256
48280
-17254
-868
-17251
15517
-9059
31900
-17239
-854
7339
-849
48304
-25423
-25422
40114
-33613
-17227
-845
15544
-25415
-49991
48315
23738
-9023
-17214
48322
-17212
-831
7366
-33594
-33593
-25399
-824
15563
31942
-9011
15567
40144
40145
-17197
23763
-49961
-49960
23767
-41764
7390
15584
-25375
-17183
31969
-17180
15588
31972
7399
40168
-8983
15595
-784
40177
23793
31986
40180
31987
7417
-17159
-41734
-41731
23807
48387
-17143
7435
-49908
23820
32012
32013
23826
-749
-41708
40215
-49896
-33508
32031
-17118
32034
48421
-41689
40232
48425
48426
-49877
40236
40237
-8921
23847
-726
-41678
15667
15669
-49866
32057
40251
48446
-8897
-49853
-41657
48456
-694
23884
7501
-33460
32080
-49839
32083
15704
-25255
40282
48474
32089
-33442
15712
-25246
32098
23909
-25242
7526
-41626
-33433
32103
-25236
-8851
40304
-25231
-652
7541
-49802
32118
-33416
23929
32125
15745
40323
-636
40325
-49786
23944
-630
15758
-8818
-626
7570
-41581
-17004
32147
15766
32151
-49766
15780
7589
7590
-33369
32168
48553
-41557
-596
48558
-593
23984
40369
-591
-49739
48565
7607
-16969
48566
-25158
40378
-49733
7613
-16962
7615
15806
15809
-8766
15811
-576
32192
-33340
-41525
15824
7633
-41518
48595
32209
32213
-25130
40407
-16936
24022
24025
7643
-33319
-8739
48606
-16929
-49696
-33315
-49694
-542
-33304
-8725
-33301
7661
40430
-41488
-49678
-41485
7669
-522
24055
24058
15867
-41475
7678
-16897
40448
-8705
32253
-16893
-49660
32256
32262
32263
-33272
32265
-49652
15884
24077
-41456
-25069
-41452
-49643
-49642
-25063
15898
-8679
-8676
15901
40478
48669
-41443
-16863
15905
-25053
-41441
24095
-33244
7720
-471
-16850
32305
7732
-49612
32309
32314
32316
7744
24128
40518
-8633
-441
-438
32331
-25012
48717
-8626
-49585
48719
-41393
32339
-16811
7766
-426
15963
-49569
32352
15970
7783
15977
-41367
32363
7791
40563
-24972
15988
40566
-16776
-24967
-24966
40570
48760
-41347
7806
15998
48767
40577
7809
-16766
7812
16004
-24954
-41346
48776
-49527
24195
-16757
24202
24204
-377
40591
7824
40593
16017
16018
24208
32396
-33139
-41321
16024
-368
-33131
-16741
16027
16028
24220
32412
24224
-49499
-41307
32421
-16728
48809
7851
48812
40621
7854
-24913
-16723
-341
-33098
-49481
24250
7867
-24899
-41283
16063
-33090
32446
16066
-49465
-16690
-41266
40664
32476
-41249
16096
32479
32480
-33054
-24860
-33052
-16665
-41240
-33048
-24854
7916
-8466
-41233
-33042
-41231
24305
40691
-41229
-41222
7934
40707
-251
-250
32519
7944
-24823
48904
40715
-41207
-41203
16144
-24814
7954
16148
-8430
24343
-24808
48921
40730
-41190
-16612
48924
-8422
48928
-16604
7975
32551
-32981
-41172
-24787
-16593
-16592
7985
-24782
-32977
7995
-8387
-16575
24388
-8379
-24762
-24761
-41145
-32954
-24758
-32949
32588
-49331
32591
24405
32598
24410
-41124
24415
-49312
16226
8035
-41111
8042
-32918
-16530
24431
24434
8051
-24716
16244
-137
-49288
16249
49018
-49285
32631
-41091
-49281
16256
-24703
40833
-24701
32640
40838
-41075
16271
-49264
49041
-8301
-24683
-49258
-8297
16280
-8296
-24678
24476
40861
8095
40864
-97
-41052
32676
-16474
8104
24489
32681
49068
-24654
-49225
24503
8125
8131
-49213
8133
-8251
49097
-8246
32716
24526
-41002
-8233
40920
-41000
-32809
32731
-49188
-32802
-16417
-31
-24
16363
8172
40941
49133
24559
-24592
-24591
32749
32750
-32783
-32778
8183
16379
8189
-49154
16383