-49991
-49961
-49960
-49908
-49896
-49877
-49866
-49853
-49839
-49802
-49786
-49766
-49739
-49733
-49696
-49694
-49678
-49660
-49652
-49643
-49642
-49612
-49585
-49569
-49527
-49499
-49481
-49465
-49331
-49312
-49288
-49285
-49281
-49264
-49258
-49225
-49213
-49188
-49154
-49111
-49042
-49016
-48982
-48975
-48927
-48925
-48840
-48750
-48745
-48743
-48720
-48647
-48586
-48556
-48526
-48513
-48491
-48474
-48460
-48455
-48429
-48423
-48406
-48332
-48315
-48271
-48256
-48246
-48237
-48199
-48131
-48125
-48118
-48056
-48038
-47917
-47825
-47809
-47783
-47703
-47701
-47688
-47637
-47636
-47627
-47626
-47624
-47609
-47540
-47458
-47428
-47403
-47392
-47391
-47386
-47385
-47370
-47357
-47319
-47316
-47314
-47288
-47275
-47266
-47206
-47178
-47160
-47157
-47148
-47142
-47141
-47117
-47097
-47047
-46976
-46971
-46954
-46951
-46950
-46941
-46908
-46870
-46864
-46838
-46826
-46818
-46805
-46791
-46748
-46743
-46716
-46698
-46691
-46688
-46640
-46631
-46624
-46567
-46534
-46524
-46523
-46513
-46512
-46491
-46481
-46479
-46462
-46458
-46447
-46420
-46382
-46378
-46344
-46296
-46258
-46254
-46216
-46201
-46186
-46181
-46163
-46162
-46156
-46136
-46111
-46101
-46100
-46031
-46023
-46016
-45982
-45911
-45909
-45899
-45848
-45818
-45798
-45756
-45736
-45721
-45720
-45716
-45699
-45648
-45639
-45611
-45591
-45571
-45488
-45477
-45470
-45464
-45463
-45432
-45413
-45412
-45407
-45382
-45376
-45375
-45357
-45348
-45345
-45343
-45340
-45321
-45308
-45297
-45294
-45290
-45278
-45261
-45248
-45223
-45215
-45213
-45176
-45157
-45100
-45097
-45088
-45085
-45000
-44989
-44971
-44938
-44898
-44896
-44890
-44877
-44847
-44845
-44831
-44791
-44768
-44737
-44707
-44653
-44650
-44646
-44589
-44580
-44564
-44557
-44505
-44470
-44456
-44442
-44427
-44418
-44388
-44344
-44335
-44294
-44250
-44210
-44209
-44208
-44205
-44203
-44193
-44184
-44173
-44133
-44113
-44069
-44030
-44013
-43979
-43935
-43922
-43888
-43881
-43860
-43836
-43800
-43797
-43781
-43767
-43760
-43755
-43735
-43687
-43619
-43601
-43590
-43556
-43472
-43470
-43450
-43386
-43371
-43342
-43331
-43317
-43294
-43288
-43278
-43272
-43209
-43186
-43126
-43114
-43017
-43013
-42985
-42978
-42953
-42952
-42882
-42877
-42859
-42847
-42823
-42810
-42786
-42777
-42771
-42756
-42716
-42715
-42696
-42686
-42652
-42649
-42627
-42611
-42602
-42580
-42561
-42549
-42509
-42489
-42458
-42450
-42437
-42400
-42399
-42384
-42374
-42360
-42345
-42243
-42217
-42154
-42142
-42134
-42133
-42111
-42103
-42072
-42052
-42031
-42019
-42018
-42010
-42008
-42000
-41984
-41967
-41966
-41937
-41919
-41917
-41907
-41890
-41876
-41875
-41874
-41764
-41734
-41731
-41708
-41689
-41678
-41657
-41626
-41581
-41557
-41525
-41518
-41488
-41485
-41475
-41456
-41452
-41443
-41441
-41393
-41367
-41347
-41346
-41321
-41307
-41283
-41266
-41249
-41240
-41233
-41231
-41229
-41222
-41207
-41203
-41190
-41172
-41145
-41124
-41111
-41091
-41075
-41052
-41002
-41000
-40939
-40926
-40924
-40923
-40892
-40845
-40843
-40823
-40804
-40796
-40783
-40781
-40748
-40729
-40719
-40682
-40675
-40665
-40657
-40648
-40647
-40642
-40635
-40632
-40602
-40597
-40596
-40593
-40566
-40555
-40552
-40547
-40536
-40531
-40515
-40512
-40509
-40490
-40486
-40481
-40477
-40446
-40361
-40346
-40318
-40292
-40289
-40267
-40257
-40230
-40218
-40211
-40182
-40136
-40097
-40093
-40029
-40005
-40004
-39967
-39905
-39898
-39874
-39855
-39807
-39795
-39771
-39753
-39752
-39727
-39693
-39633
-39627
-39606
-39574
-39534
-39508
-39495
-39475
-39471
-39469
-39410
-39402
-39377
-39369
-39340
-39286
-39284
-39282
-39224
-39222
-39220
-39206
-39177
-39141
-39135
-39125
-39118
-39109
-39094
-39092
-39090
-39083
-39009
-38996
-38983
-38973
-38958
-38945
-38900
-38884
-38879
-38794
-38777
-38690
-38662
-38659
-38647
-38619
-38615
-38605
-38595
-38568
-38530
-38483
-38448
-38378
-38358
-38330
-38322
-38318
-38300
-38288
-38237
-38165
-38164
-38158
-38057
-38044
-38010
-38004
-37888
-37881
-37833
-37806
-37784
-37765
-37755
-37745
-37733
-37726
-37700
-37697
-37679
-37645
-37644
-37613
-37584
-37505
-37477
-37440
-37419
-37418
-37413
-37407
-37380
-37378
-37311
-37280
-37272
-37261
-37257
-37237
-37162
-37141
-37034
-37010
-37005
-36997
-36957
-36922
-36915
-36909
-36879
-36849
-36829
-36749
-36714
-36695
-36680
-36658
-36646
-36640
-36631
-36610
-36607
-36605
-36601
-36599
-36572
-36567
-36529
-36520
-36515
-36480
-36440
-36438
-36411
-36395
-36358
-36306
-36301
-36263
-36257
-36227
-36217
-36204
-36197
-36165
-36164
-36133
-36099
-36078
-36043
-36042
-36005
-36001
-36000
-35985
-35977
-35937
-35870
-35863
-35854
-35805
-35802
-35765
-35762
-35730
-35715
-35700
-35695
-35691
-35590
-35568
-35542
-35510
-35496
-35471
-35437
-35413
-35412
-35404
-35393
-35387
-35333
-35310
-35298
-35264
-35250
-35226
-35220
-35212
-35210
-35127
-35056
-35050
-35038
-35012
-34992
-34986
-34983
-34972
-34925
-34911
-34871
-34867
-34845
-34838
-34808
-34795
-34777
-34768
-34732
-34720
-34703
-34689
-34650
-34637
-34622
-34610
-34605
-34559
-34505
-34502
-34491
-34483
-34456
-34452
-34398
-34396
-34372
-34365
-34364
-34350
-34340
-34319
-34264
-34262
-34230
-34212
-34168
-34146
-34132
-34131
-34112
-34106
-34079
-34071
-34055
-34035
-34034
-34032
-34021
-34016
-34013
-34012
-33997
-33990
-33986
-33973
-33959
-33955
-33950
-33935
-33934
-33932
-33887
-33885
-33869
-33846
-33837
-33829
-33786
-33751
-33721
-33720
-33716
-33706
-33677
-33613
-33594
-33593
-33508
-33460
-33442
-33433
-33416
-33369
-33351
-33340
-33319
-33315
-33304
-33301
-33272
-33244
-33139
-33131
-33098
-33090
-33054
-33052
-33048
-33042
-32981
-32977
-32954
-32949
-32918
-32809
-32802
-32783
-32778
-32739
-32731
-32717
-32707
-32691
-32677
-32650
-32629
-32613
-32580
-32574
-32546
-32481
-32457
-32416
-32415
-32409
-32396
-32356
-32351
-32319
-32283
-32253
-32252
-32246
-32233
-32216
-32163
-32140
-32130
-32122
-32107
-32102
-32085
-32061
-32054
-32026
-32002
-31983
-31957
-31937
-31928
-31914
-31892
-31832
-31767
-31747
-31735
-31733
-31697
-31674
-31652
-31602
-31542
-31510
-31508
-31488
-31462
-31460
-31442
-31414
-31412
-31407
-31404
-31389
-31383
-31368
-31311
-31308
-31297
-31294
-31284
-31152
-31145
-31120
-31112
-31104
-31047
-31020
-31017
-30998
-30931
-30913
-30880
-30876
-30870
-30855
-30851
-30849
-30835
-30826
-30818
-30794
-30788
-30779
-30685
-30662
-30660
-30656
-30652
-30635
-30599
-30585
-30557
-30551
-30527
-30524
-30505
-30498
-30472
-30465
-30451
-30445
-30430
-30379
-30346
-30343
-30338
-30336
-30332
-30268
-30256
-30221
-30211
-30170
-30149
-30103
-30099
-30051
-30046
-30038
-30025
-30024
-30019
-30017
-30005
-30004
-29925
-29909
-29890
-29889
-29865
-29859
-29836
-29823
-29820
-29782
-29738
-29668
-29652
-29651
-29632
-29631
-29616
-29598
-29591
-29588
-29583
-29573
-29569
-29509
-29505
-29471
-29445
-29443
-29440
-29416
-29408
-29385
-29375
-29323
-29316
-29308
-29259
-29225
-29215
-29203
-29146
-29109
-29094
-29088
-28991
-28971
-28941
-28897
-28895
-28875
-28872
-28841
-28836
-28802
-28799
-28798
-28795
-28764
-28757
-28730
-28723
-28708
-28693
-28691
-28686
-28655
-28634
-28631
-28609
-28604
-28585
-28565
-28549
-28544
-28514
-28500
-28490
-28486
-28480
-28437
-28424
-28415
-28407
-28391
-28390
-28382
-28380
-28378
-28375
-28311
-28294
-28289
-28286
-28283
-28270
-28259
-28214
-28212
-28141
-28058
-28057
-28042
-27970
-27965
-27963
-27956
-27927
-27897
-27870
-27835
-27833
-27816
-27815
-27776
-27695
-27684
-27670
-27663
-27654
-27652
-27617
-27603
-27513
-27510
-27493
-27474
-27458
-27433
-27423
-27381
-27352
-27341
-27326
-27325
-27294
-27260
-27255
-27220
-27209
-27186
-27146
-27131
-27126
-27118
-27116
-27097
-27081
-27080
-27067
-27066
-27046
-27040
-27015
-26998
-26991
-26981
-26967
-26961
-26941
-26940
-26915
-26912
-26855
-26845
-26830
-26824
-26816
-26802
-26797
-26785
-26769
-26671
-26651
-26625
-26613
-26597
-26565
-26529
-26453
-26445
-26421
-26414
-26348
-26345
-26321
-26307
-26286
-26277
-26266
-26249
-26242
-26233
-26212
-26199
-26180
-26164
-26159
-26134
-26102
-26087
-26081
-26046
-26027
-26023
-25883
-25877
-25876
-25862
-25859
-25728
-25722
-25715
-25701
-25692
-25656
-25648
-25641
-25626
-25592
-25584
-25581
-25554
-25548
-25545
-25482
-25481
-25423
-25422
-25415
-25399
-25375
-25255
-25246
-25242
-25236
-25231
-25158
-25130
-25069
-25063
-25053
-25012
-24972
-24967
-24966
-24954
-24913
-24899
-24860
-24854
-24823
-24814
-24808
-24787
-24782
-24762
-24761
-24758
-24716
-24703
-24701
-24683
-24678
-24654
-24592
-24591
-24571
-24570
-24564
-24516
-24507
-24380
-24376
-24317
-24300
-24286
-24276
-24267
-24172
-24139
-24102
-24089
-24076
-24063
-24039
-24033
-24028
-23999
-23985
-23981
-23960
-23958
-23908
-23884
-23843
-23817
-23816
-23814
-23806
-23778
-23743
-23742
-23703
-23692
-23681
-23656
-23582
-23560
-23559
-23552
-23533
-23532
-23522
-23509
-23459
-23451
-23327
-23321
-23288
-23285
-23278
-23272
-23265
-23236
-23229
-23228
-23225
-23202
-23200
-23190
-23178
-23159
-23142
-23135
-23122
-23105
-23095
-23084
-23049
-23046
-23033
-23030
-23008
-22984
-22957
-22941
-22926
-22923
-22800
-22776
-22768
-22757
-22738
-22725
-22658
-22641
-22636
-22622
-22604
-22575
-22561
-22541
-22490
-22427
-22382
-22330
-22323
-22321
-22310
-22301
-22282
-22266
-22248
-22246
-22228
-22178
-22149
-22139
-22089
-22039
-22032
-21982
-21948
-21943
-21937
-21906
-21905
-21891
-21857
-21824
-21816
-21803
-21777
-21769
-21765
-21704
-21681
-21643
-21586
-21574
-21572
-21515
-21501
-21494
-21466
-21453
-21435
-21425
-21421
-21405
-21401
-21394
-21389
-21344
-21287
-21282
-21270
-21247
-21237
-21230
-21204
-21197
-21190
-21178
-21150
-21130
-21115
-21092
-21049
-20968
-20967
-20956
-20946
-20917
-20909
-20840
-20820
-20812
-20796
-20779
-20761
-20740
-20737
-20727
-20726
-20725
-20713
-20694
-20681
-20651
-20649
-20611
-20593
-20568
-20565
-20564
-20542
-20539
-20529
-20502
-20489
-20482
-20459
-20447
-20426
-20421
-20414
-20407
-20404
-20370
-20367
-20357
-20345
-20343
-20341
-20317
-20311
-20295
-20291
-20284
-20264
-20219
-20213
-20178
-20161
-20151
-20133
-20129
-20080
-20047
-20014
-19967
-19962
-19948
-19944
-19943
-19928
-19915
-19902
-19899
-19865
-19833
-19821
-19801
-19778
-19775
-19769
-19767
-19755
-19753
-19725
-19634
-19585
-19584
-19573
-19548
-19524
-19520
-19499
-19490
-19465
-19437
-19430
-19414
-19401
-19388
-19376
-19371
-19361
-19352
-19342
-19333
-19316
-19292
-19282
-19209
-19204
-19147
-19139
-19048
-19047
-19042
-19025
-19007
-19006
-19003
-18996
-18978
-18968
-18942
-18937
-18933
-18891
-18878
-18877
-18876
-18816
-18809
-18756
-18720
-18701
-18629
-18618
-18557
-18465
-18451
-18441
-18390
-18319
-18313
-18304
-18296
-18256
-18245
-18225
-18204
-18199
-18188
-18182
-18179
-18169
-18159
-18151
-18147
-18132
-18105
-18097
-18080
-18067
-18053
-18011
-18007
-17937
-17893
-17852
-17850
-17848
-17816
-17806
-17796
-17766
-17764
-17708
-17705
-17679
-17673
-17649
-17641
-17625
-17614
-17605
-17604
-17539
-17528
-17522
-17508
-17494
-17493
-17480
-17463
-17454
-17384
-17373
-17345
-17300
-17286
-17279
-17278
-17258
-17256
-17254
-17251
-17239
-17227
-17214
-17212
-17197
-17183
-17180
-17159
-17143
-17118
-17004
-16969
-16962
-16936
-16929
-16897
-16893
-16863
-16850
-16811
-16776
-16766
-16757
-16741
-16728
-16723
-16690
-16665
-16612
-16604
-16593
-16592
-16575
-16530
-16474
-16417
-16376
-16341
-16334
-16317
-16305
-16303
-16168
-16160
-16134
-16089
-16063
-15998
-15995
-15923
-15918
-15915
-15899
-15891
-15886
-15869
-15867
-15777
-15748
-15699
-15672
-15670
-15661
-15654
-15638
-15621
-15619
-15616
-15546
-15530
-15521
-15506
-15483
-15478
-15471
-15465
-15451
-15418
-15369
-15366
-15283
-15275
-15260
-15245
-15231
-15229
-15227
-15222
-15214
-15192
-15182
-15173
-15168
-15162
-15149
-15133
-15119
-15116
-15101
-15086
-15053
-15043
-14998
-14913
-14886
-14875
-14868
-14854
-14802
-14783
-14777
-14772
-14751
-14740
-14719
-14708
-14631
-14620
-14618
-14616
-14608
-14528
-14491
-14477
-14433
-14424
-14345
-14336
-14317
-14291
-14268
-14149
-14132
-14089
-14086
-14081
-14072
-14044
-14010
-13987
-13977
-13951
-13950
-13947
-13917
-13914
-13905
-13892
-13887
-13881
-13871
-13867
-13852
-13839
-13821
-13782
-13770
-13767
-13723
-13714
-13700
-13678
-13676
-13667
-13654
-13652
-13651
-13634
-13611
-13594
-13569
-13562
-13546
-13535
-13530
-13526
-13484
-13457
-13434
-13423
-13404
-13371
-13357
-13344
-13340
-13335
-13305
-13262
-13246
-13245
-13224
-13203
-13201
-13199
-13133
-13073
-13025
-13006
-12957
-12930
-12901
-12868
-12860
-12842
-12804
-12794
-12753
-12746
-12732
-12727
-12713
-12700
-12668
-12664
-12658
-12645
-12634
-12630
-12499
-12478
-12474
-12437
-12417
-12374
-12369
-12340
-12271
-12255
-12229
-12209
-12164
-12157
-12137
-12134
-12082
-12027
-12005
-11998
-11993
-11917
-11912
-11904
-11869
-11775
-11774
-11764
-11733
-11712
-11708
-11699
-11686
-11680
-11650
-11646
-11612
-11595
-11593
-11589
-11558
-11557
-11522
-11512
-11480
-11441
-11396
-11368
-11340
-11335
-11331
-11325
-11309
-11291
-11269
-11231
-11201
-11194
-11133
-11044
-11020
-10962
-10947
-10921
-10906
-10874
-10842
-10813
-10809
-10788
-10787
-10770
-10747
-10670
-10646
-10642
-10596
-10577
-10574
-10545
-10526
-10516
-10463
-10374
-10373
-10370
-10361
-10344
-10341
-10322
-10306
-10304
-10303
-10293
-10287
-10264
-10245
-10220
-10172
-10107
-10104
-10097
-10064
-10060
-10040
-10023
-10017
-10011
-10007
-9983
-9930
-9916
-9875
-9874
-9863
-9857
-9846
-9833
-9830
-9804
-9803
-9771
-9747
-9729
-9721
-9703
-9654
-9650
-9615
-9610
-9558
-9556
-9523
-9517
-9507
-9453
-9402
-9358
-9350
-9335
-9295
-9292
-9280
-9251
-9245
-9229
-9215
-9187
-9145
-9140
-9118
-9107
-9094
-9059
-9023
-9011
-8983
-8921
-8897
-8851
-8818
-8766
-8739
-8725
-8705
-8679
-8676
-8633
-8626
-8466
-8430
-8422
-8387
-8379
-8301
-8297
-8296
-8251
-8246
-8233
-8190
-8169
-8167
-8147
-8146
-8122
-8121
-8077
-8062
-8037
-8035
-7978
-7886
-7882
-7824
-7782
-7760
-7734
-7696
-7657
-7612
-7579
-7558
-7551
-7538
-7467
-7414
-7329
-7304
-7290
-7244
-7197
-7178
-7175
-7147
-7140
-7138
-7122
-7045
-7023
-6988
-6946
-6920
-6918
-6893
-6868
-6834
-6762
-6759
-6679
-6669
-6632
-6627
-6580
-6518
-6517
-6516
-6467
-6460
-6448
-6436
-6407
-6395
-6394
-6368
-6360
-6359
-6337
-6298
-6287
-6281
-6273
-6267
-6265
-6263
-6257
-6227
-6222
-6211
-6165
-6137
-6115
-6093
-6083
-6057
-6045
-6025
-5991
-5979
-5949
-5915
-5867
-5847
-5843
-5799
-5798
-5778
-5768
-5766
-5765
-5750
-5747
-5743
-5718
-5713
-5697
-5687
-5685
-5654
-5632
-5612
-5611
-5583
-5550
-5520
-5514
-5500
-5490
-5484
-5425
-5409
-5407
-5406
-5405
-5396
-5393
-5358
-5338
-5334
-5312
-5298
-5296
-5293
-5277
-5262
-5237
-5205
-5140
-5096
-5061
-5058
-5036
-5028
-4989
-4988
-4975
-4959
-4952
-4890
-4887
-4858
-4823
-4821
-4819
-4801
-4799
-4797
-4776
-4769
-4717
-4698
-4685
-4595
-4587
-4585
-4571
-4559
-4524
-4511
-4490
-4459
-4439
-4434
-4428
-4412
-4394
-4320
-4318
-4237
-4226
-4188
-4179
-4152
-4148
-4127
-4122
-4100
-4096
-4081
-4075
-4060
-4058
-4024
-4002
-3942
-3937
-3908
-3892
-3841
-3807
-3766
-3716
-3684
-3649
-3614
-3588
-3540
-3539
-3526
-3489
-3473
-3470
-3450
-3411
-3399
-3352
-3327
-3287
-3258
-3240
-3237
-3218
-3215
-3194
-3135
-3126
-3100
-3081
-3035
-3025
-3023
-3005
-2964
-2942
-2912
-2874
-2830
-2828
-2792
-2784
-2707
-2646
-2586
-2565
-2538
-2526
-2519
-2501
-2481
-2475
-2456
-2427
-2403
-2390
-2370
-2367
-2358
-2338
-2276
-2255
-2214
-2184
-2175
-2121
-2100
-2090
-2075
-2066
-2027
-2019
-2018
-2017
-2004
-1992
-1984
-1981
-1966
-1965
-1961
-1949
-1944
-1933
-1931
-1918
-1871
-1853
-1814
-1808
-1797
-1794
-1785
-1764
-1732
-1708
-1679
-1655
-1615
-1593
-1561
-1551
-1548
-1544
-1528
-1520
-1479
-1475
-1470
-1430
-1419
-1368
-1341
-1334
-1282
-1279
-1189
-1184
-1178
-1176
-1159
-1134
-1122
-1112
-1074
-1064
-1053
-1049
-1025
-1005
-952
-910
-906
-877
-868
-854
-849
-845
-831
-824
-784
-749
-726
-694
-652
-636
-630
-626
-596
-593
-591
-576
-542
-522
-471
-441
-438
-426
-377
-373
-368
-341
-251
-250
-137
-97
-31
-24
14
24
55
60
71
73
81
110
112
138
144
149
156
165
166
193
213
228
262
276
285
343
367
400
478
506
551
556
639
640
660
691
693
709
718
724
741
782
803
814
865
872
892
894
908
982
996
1033
1038
1058
1061
1065
1076
1142
1147
1160
1163
1170
1171
1194
1200
1206
1222
1227
1230
1231
1241
1266
1282
1283
1285
1286
1294
1298
1326
1329
1334
1344
1430
1457
1502
1514
1538
1560
1578
1589
1640
1657
1700
1709
1855
1857
1876
1905
1940
1952
1964
1979
1990
2064
2076
2077
2080
2085
2103
2105
2108
2157
2183
2213
2217
2290
2315
2316
2322
2344
2355
2367
2372
2391
2457
2461
2499
2505
2522
2576
2577
2617
2637
2656
2668
2698
2709
2714
2730
2744
2772
2844
2846
2909
2920
2948
2985
2986
2992
3009
3054
3079
3094
3126
3155
3193
3237
3253
3300
3357
3420
3432
3438
3460
3471
3477
3548
3576
3582
3585
3651
3660
3670
3696
3697
3700
3715
3716
3724
3749
3761
3776
3808
3829
3870
3873
3888
3900
3913
3965
3969
4030
4049
4077
4083
4098
4124
4140
4169
4180
4202
4219
4222
4232
4301
4315
4346
4376
4417
4418
4443
4448
4462
4467
4475
4503
4528
4622
4626
4627
4635
4647
4650
4664
4695
4713
4725
4768
4781
4809
4820
4835
4842
4857
4868
4920
4950
4988
5000
5069
5073
5103
5150
5198
5218
5229
5287
5295
5373
5384
5388
5471
5482
5487
5489
5501
5507
5527
5531
5543
5571
5574
5586
5589
5605
5610
5615
5628
5644
5647
5684
5708
5717
5747
5765
5835
5856
5881
5903
5925
5953
6007
6016
6026
6039
6051
6053
6069
6071
6074
6089
6107
6127
6151
6181
6195
6219
6286
6290
6298
6302
6308
6320
6342
6399
6462
6473
6492
6515
6537
6538
6549
6550
6553
6554
6564
6571
6578
6582
6588
6590
6620
6630
6682
6683
6723
6736
6748
6749
6753
6761
6762
6773
6880
6899
6901
6904
6930
6937
6967
6985
6989
7005
7006
7144
7145
7155
7186
7243
7245
7251
7297
7339
7366
7390
7399
7417
7435
7501
7526
7541
7570
7589
7590
7607
7613
7615
7633
7643
7661
7669
7678
7720
7732
7744
7766
7783
7791
7806
7809
7812
7824
7851
7854
7867
7916
7934
7944
7954
7975
7985
7995
8035
8042
8051
8095
8104
8125
8131
8133
8172
8183
8189
8223
8243
8252
8294
8358
8362
8382
8388
8409
8415
8443
8448
8493
8496
8543
8558
8560
8612
8621
8640
8665
8674
8684
8689
8716
8735
8755
8775
8820
8853
8873
8888
8889
8903
8942
8965
8969
8976
8991
9002
9052
9054
9079
9082
9095
9100
9126
9157
9182
9198
9216
9222
9237
9259
9268
9302
9321
9402
9417
9425
9485
9502
9521
9553
9556
9653
9666
9681
9736
9783
9791
9802
9808
9824
9849
9861
9878
9911
9920
9938
9939
9953
9955
9958
9969
10008
10029
10050
10103
10125
10133
10134
10137
10138
10167
10245
10263
10293
10321
10328
10349
10368
10438
10489
10503
10519
10525
10558
10559
10562
10591
10604
10609
10628
10631
10659
10699
10707
10732
10742
10776
10801
10806
10823
10855
10856
10910
10924
10948
10988
11006
11025
11065
11126
11130
11155
11158
11160
11193
11200
11220
11233
11235
11244
11263
11282
11285
11305
11308
11416
11423
11438
11455
11483
11514
11516
11524
11530
11547
11550
11618
11641
11683
11747
11760
11822
11824
11841
11844
11884
11887
11889
11895
11896
11923
11951
11977
11992
11994
12033
12057
12068
12081
12085
12089
12099
12122
12129
12175
12189
12193
12206
12233
12264
12268
12278
12280
12292
12312
12342
12362
12377
12384
12387
12406
12464
12497
12530
12534
12539
12553
12613
12618
12639
12660
12664
12672
12695
12707
12728
12753
12784
12819
12822
12828
12829
12830
12835
12869
12871
12894
12903
12951
12974
13007
13015
13035
13044
13049
13051
13099
13125
13190
13192
13221
13229
13266
13270
13294
13326
13328
13335
13342
13344
13349
13413
13432
13437
13447
13449
13462
13503
13505
13519
13550
13566
13574
13594
13597
13613
13635
13639
13722
13741
13779
13808
13840
13858
13861
13867
13903
13907
13908
13920
13949
13987
14004
14016
14025
14033
14064
14073
14074
14092
14103
14120
14210
14213
14276
14330
14348
14401
14408
14410
14425
14449
14461
14472
14473
14487
14498
14528
14543
14544
14567
14591
14639
14664
14673
14682
14689
14738
14771
14772
14781
14841
14852
14925
14931
14945
14966
14979
14992
15037
15043
15044
15114
15119
15155
15160
15250
15257
15277
15278
15325
15374
15430
15463
15489
15507
15517
15544
15563
15567
15584
15588
15595
15667
15669
15704
15712
15745
15758
15766
15780
15806
15809
15811
15824
15867
15884
15898
15901
15905
15963
15970
15977
15988
15998
16004
16017
16018
16024
16027
16028
16063
16066
16096
16144
16148
16226
16244
16249
16256
16271
16280
16363
16379
16383
16420
16456
16463
16466
16473
16474
16502
16535
16536
16550
16562
16568
16581
16586
16592
16596
16600
16628
16653
16663
16688
16747
16757
16779
16785
16789
16842
16857
16895
16911
16927
16933
16947
16972
16991
16993
17033
17035
17079
17082
17083
17087
17107
17135
17169
17182
17204
17220
17242
17250
17272
17286
17311
17316
17326
17351
17403
17405
17415
17417
17425
17537
17538
17601
17614
17626
17640
17647
17651
17667
17672
17688
17738
17762
17766
17804
17807
17847
17850
17860
17861
17872
17880
17908
17912
17923
17926
17927
17935
17947
17962
17989
18040
18047
18065
18066
18078
18085
18091
18093
18109
18111
18127
18176
18187
18243
18246
18254
18267
18282
18291
18298
18305
18365
18379
18406
18426
18450
18476
18492
18525
18540
18558
18561
18567
18568
18593
18597
18598
18623
18640
18654
18672
18698
18705
18723
18749
18766
18789
18790
18800
18804
18903
18904
18910
18915
18918
18921
18962
18977
18978
18979
19024
19096
19099
19104
19113
19119
19158
19163
19180
19187
19207
19214
19265
19280
19325
19416
19480
19484
19490
19500
19501
19558
19572
19588
19608
19633
19635
19667
19668
19674
19682
19700
19701
19762
19768
19778
19780
19788
19794
19802
19809
19828
19845
19854
19862
19893
19913
19914
19926
19952
19966
20013
20030
20034
20038
20040
20056
20058
20125
20128
20140
20146
20155
20171
20180
20181
20195
20205
20210
20236
20244
20266
20285
20286
20294
20299
20305
20356
20370
20384
20392
20427
20428
20446
20463
20484
20493
20502
20510
20513
20535
20607
20686
20695
20721
20759
20774
20780
20810
20812
20840
20859
20865
20866
20878
20886
20904
20928
21052
21079
21102
21128
21169
21178
21238
21244
21303
21305
21320
21335
21337
21362
21373
21412
21441
21443
21502
21519
21545
21555
21556
21567
21581
21680
21717
21718
21744
21754
21770
21801
21829
21832
21870
21871
21882
21915
21934
21961
22003
22006
22033
22110
22112
22125
22183
22186
22245
22253
22278
22318
22321
22345
22462
22475
22514
22524
22540
22558
22560
22588
22597
22598
22603
22640
22672
22684
22695
22748
22751
22770
22779
22820
22823
22828
22829
22834
22853
22855
22862
22910
22987
23005
23028
23059
23061
23064
23092
23093
23108
23140
23164
23267
23282
23291
23385
23393
23402
23406
23427
23436
23468
23473
23497
23512
23518
23539
23543
23556
23587
23600
23610
23627
23643
23695
23738
23763
23767
23793
23807
23820
23826
23847
23884
23909
23929
23944
23984
24022
24025
24055
24058
24077
24095
24128
24190
24195
24202
24204
24208
24220
24224
24250
24305
24343
24388
24405
24410
24415
24431
24434
24476
24489
24503
24526
24559
24592
24597
24619
24635
24641
24650
24652
24657
24685
24740
24751
24788
24905
24914
24931
24933
24953
24957
24982
25002
25070
25100
25101
25152
25169
25170
25180
25259
25269
25290
25347
25348
25372
25387
25398
25404
25408
25411
25413
25450
25486
25491
25516
25525
25545
25547
25577
25593
25615
25616
25642
25667
25676
25688
25726
25775
25803
25805
25860
25867
25879
25882
25952
25965
25977
25980
26012
26023
26059
26088
26116
26132
26176
26188
26198
26206
26210
26219
26244
26274
26293
26312
26315
26324
26352
26358
26379
26385
26388
26405
26419
26424
26430
26433
26439
26449
26457
26481
26487
26492
26538
26541
26547
26608
26630
26637
26693
26722
26724
26730
26803
26815
26833
26868
26879
26897
26919
26947
26992
27016
27030
27055
27059
27065
27097
27105
27159
27179
27186
27218
27284
27285
27291
27311
27327
27363
27393
27404
27415
27452
27465
27498
27507
27523
27533
27537
27550
27552
27582
27589
27593
27612
27679
27691
27705
27794
27799
27836
27856
27874
27953
27963
28013
28056
28073
28086
28116
28129
28141
28206
28215
28220
28239
28242
28263
28271
28295
28305
28354
28368
28374
28411
28447
28527
28529
28534
28571
28638
28659
28665
28683
28684
28759
28760
28818
28832
28838
28854
28890
28896
28899
28948
28952
28999
29022
29069
29083
29094
29120
29190
29203
29251
29298
29310
29338
29379
29387
29394
29430
29458
29468
29494
29507
29511
29522
29531
29565
29572
29576
29600
29605
29606
29644
29662
29716
29762
29765
29772
29780
29786
29787
29823
29833
29835
29839
29862
29883
29906
29925
29937
29950
30053
30066
30109
30121
30141
30153
30159
30172
30203
30238
30251
30253
30283
30327
30351
30403
30441
30474
30487
30522
30533
30550
30559
30571
30593
30648
30657
30694
30702
30722
30725
30738
30744
30806
30863
30872
30877
30879
30905
30909
30915
30926
30973
30978
30983
30997
31025
31045
31054
31092
31094
31095
31130
31160
31169
31196
31207
31225
31238
31285
31303
31307
31318
31323
31357
31392
31400
31424
31472
31478
31545
31548
31560
31562
31592
31611
31639
31651
31664
31684
31738
31746
31805
31820
31860
31881
31900
31942
31969
31972
31986
31987
32012
32013
32031
32034
32057
32080
32083
32089
32098
32103
32118
32125
32147
32151
32168
32192
32209
32213
32253
32256
32262
32263
32265
32305
32309
32314
32316
32331
32339
32352
32363
32396
32412
32421
32446
32476
32479
32480
32519
32551
32588
32591
32598
32631
32640
32676
32681
32716
32731
32749
32750
32789
32810
32861
32885
32913
32940
33020
33054
33063
33064
33089
33106
33154
33162
33165
33168
33181
33284
33315
33330
33352
33362
33366
33368
33388
33413
33439
33466
33506
33533
33607
33619
33651
33655
33682
33684
33690
33711
33714
33725
33728
33730
33746
33765
33767
33776
33783
33805
33845
33854
33949
33973
33980
34045
34063
34064
34067
34098
34103
34140
34143
34174
34204
34207
34220
34236
34238
34243
34258
34274
34316
34325
34372
34383
34390
34406
34412
34414
34450
34456
34509
34541
34575
34580
34604
34612
34634
34643
34662
34674
34687
34713
34717
34728
34741
34777
34860
34878
34897
34911
34922
34936
35027
35052
35073
35084
35109
35130
35136
35141
35147
35177
35194
35197
35207
35219
35237
35275
35331
35333
35367
35382
35407
35438
35444
35453
35461
35503
35514
35542
35544
35581
35602
35616
35647
35665
35670
35706
35730
35734
35781
35782
35786
35803
35842
35849
35854
35858
35897
35916
35956
35971
35973
35984
35985
36024
36027
36095
36146
36182
36187
36221
36234
36283
36304
36324
36347
36356
36382
36446
36490
36503
36508
36522
36545
36567
36601
36633
36649
36678
36682
36694
36728
36739
36749
36788
36821
36834
36937
36968
36976
36987
36996
37033
37079
37091
37094
37099
37126
37141
37160
37161
37187
37188
37198
37225
37280
37289
37294
37299
37352
37354
37360
37379
37382
37383
37439
37444
37454
37461
37486
37495
37523
37604
37640
37642
37681
37693
37699
37740
37750
37763
37765
37791
37823
37833
37836
37898
37926
37946
37969
38001
38010
38028
38034
38048
38065
38079
38106
38108
38144
38203
38209
38256
38268
38283
38315
38369
38404
38425
38471
38486
38499
38502
38542
38595
38636
38650
38691
38696
38702
38716
38736
38746
38768
38782
38783
38818
38824
38872
38880
38893
38897
38932
38965
38999
39012
39106
39120
39124
39209
39219
39249
39255
39261
39297
39373
39374
39404
39442
39508
39520
39560
39571
39578
39612
39613
39620
39634
39650
39679
39722
39733
39757
39843
39850
39861
39891
39894
39932
39940
39955
39964
39980
40027
40031
40050
40059
40114
40144
40145
40168
40177
40180
40215
40232
40236
40237
40251
40282
40304
40323
40325
40369
40378
40407
40430
40448
40478
40518
40563
40566
40570
40577
40591
40593
40621
40664
40691
40707
40715
40730
40833
40838
40861
40864
40920
40941
40972
40986
41006
41020
41060
41069
41089
41099
41100
41101
41127
41161
41189
41223
41246
41261
41278
41288
41305
41366
41371
41393
41402
41452
41457
41469
41491
41494
41512
41545
41555
41558
41561
41562
41583
41629
41696
41697
41773
41779
41782
41794
41803
41816
41862
41888
41895
41898
41912
41921
41931
41933
41937
41954
41959
41989
42000
42008
42027
42048
42050
42055
42074
42077
42095
42136
42162
42167
42172
42180
42189
42191
42200
42220
42236
42238
42239
42323
42325
42330
42335
42499
42504
42511
42512
42526
42546
42561
42569
42572
42616
42648
42688
42691
42720
42726
42746
42755
42793
42811
42834
42843
42851
42870
42874
42882
42936
42958
42965
42983
43026
43035
43042
43075
43076
43077
43081
43082
43095
43102
43105
43113
43127
43169
43248
43249
43299
43327
43348
43359
43373
43389
43392
43461
43474
43481
43489
43490
43491
43514
43535
43565
43585
43613
43627
43653
43670
43698
43706
43728
43738
43755
43785
43796
43803
43828
43860
43865
43875
43884
43901
43902
43916
43928
43929
43943
43957
43961
43981
43995
44013
44045
44073
44115
44235
44238
44240
44254
44278
44314
44318
44346
44351
44387
44388
44403
44420
44449
44480
44488
44489
44503
44507
44517
44526
44532
44552
44556
44623
44633
44653
44663
44684
44734
44761
44787
44809
44814
44821
44839
44845
44871
44917
44938
44958
44974
45013
45016
45041
45067
45075
45153
45173
45257
45349
45373
45387
45391
45405
45434
45445
45449
45469
45479
45498
45516
45530
45546
45565
45570
45632
45642
45649
45677
45681
45694
45731
45755
45762
45769
45773
45836
45839
45845
45854
45887
45933
45962
45997
46015
46020
46044
46070
46094
46104
46159
46175
46211
46213
46220
46223
46261
46289
46320
46396
46402
46406
46432
46438
46456
46465
46487
46505
46511
46521
46533
46562
46565
46584
46595
46597
46646
46655
46670
46697
46735
46905
46963
46983
47067
47073
47105
47115
47176
47200
47204
47224
47251
47290
47327
47363
47388
47411
47424
47455
47472
47483
47486
47594
47621
47681
47715
47718
47791
47798
47814
47842
47845
47860
47872
47873
47912
47922
47935
47944
47945
48007
48020
48063
48072
48087
48094
48097
48117
48121
48129
48162
48164
48165
48184
48199
48202
48214
48224
48240
48241
48253
48259
48264
48276
48280
48304
48315
48322
48387
48421
48425
48426
48446
48456
48474
48553
48558
48565
48566
48595
48606
48669
48717
48719
48760
48767
48776
48809
48812
48904
48921
48924
48928
49018
49041
49068
49097
49133
49162
49194
49231
49244
49251
49283
49300
49310
49329
49356
49394
49420
49433
49456
49459
49489
49506
49520
49551
49587
49645
49651
49683
49696
49738
49781
49803
49835
49848
49857
49871
49938
49945
49960
49974
49991