-49991
-49961
-49960
-49922
-49911
-49908
-49896
-49882
-49877
-49866
-49861
-49855
-49853
-49839
-49835
-49824
-49813
-49809
-49806
-49802
-49786
-49785
-49776
-49766
-49739
-49733
-49725
-49721
-49696
-49694
-49684
-49678
-49664
-49660
-49652
-49651
-49643
-49642
-49612
-49609
-49585
-49569
-49546
-49527
-49499
-49493
-49482
-49481
-49473
-49466
-49465
-49460
-49458
-49447
-49422
-49417
-49405
-49401
-49395
-49393
-49382
-49359
-49343
-49331
-49324
-49322
-49312
-49307
-49288
-49285
-49281
-49264
-49258
-49237
-49230
-49225
-49223
-49220
-49213
-49209
-49188
-49169
-49154
-49153
-49143
-49127
-49120
-49111
-49093
-49079
-49078
-49042
-49016
-48999
-48992
-48982
-48975
-48932
-48927
-48925
-48916
-48914
-48908
-48897
-48882
-48878
-48874
-48858
-48847
-48844
-48842
-48840
-48827
-48785
-48772
-48750
-48748
-48745
-48743
-48720
-48719
-48698
-48693
-48672
-48647
-48633
-48586
-48568
-48556
-48534
-48526
-48513
-48491
-48474
-48472
-48461
-48460
-48455
-48429
-48423
-48419
-48415
-48412
-48409
-48406
-48392
-48381
-48380
-48332
-48325
-48315
-48304
-48300
-48271
-48256
-48246
-48237
-48229
-48209
-48199
-48183
-48163
-48143
-48131
-48125
-48123
-48118
-48111
-48075
-48058
-48056
-48038
-48027
-47987
-47956
-47953
-47948
-47947
-47940
-47923
-47917
-47855
-47848
-47838
-47829
-47825
-47809
-47784
-47783
-47756
-47755
-47741
-47705
-47703
-47701
-47688
-47676
-47637
-47636
-47627
-47626
-47624
-47609
-47603
-47596
-47540
-47532
-47525
-47522
-47516
-47501
-47488
-47462
-47458
-47428
-47418
-47403
-47401
-47392
-47391
-47386
-47385
-47380
-47370
-47357
-47349
-47323
-47319
-47316
-47314
-47288
-47275
-47272
-47266
-47265
-47258
-47243
-47242
-47206
-47188
-47186
-47178
-47168
-47166
-47160
-47157
-47148
-47145
-47142
-47141
-47133
-47117
-47097
-47052
-47047
-47016
-47013
-47003
-46996
-46984
-46976
-46971
-46961
-46954
-46951
-46950
-46941
-46908
-46870
-46864
-46848
-46838
-46832
-46826
-46821
-46818
-46805
-46791
-46785
-46748
-46743
-46735
-46730
-46716
-46708
-46698
-46691
-46688
-46687
-46686
-46680
-46672
-46669
-46657
-46640
-46631
-46630
-46624
-46595
-46592
-46567
-46561
-46534
-46526
-46524
-46523
-46513
-46512
-46494
-46491
-46486
-46481
-46479
-46476
-46462
-46458
-46457
-46447
-46420
-46408
-46405
-46396
-46393
-46382
-46378
-46344
-46296
-46289
-46280
-46274
-46265
-46258
-46254
-46244
-46240
-46234
-46233
-46229
-46216
-46210
-46205
-46201
-46198
-46195
-46186
-46181
-46163
-46162
-46156
-46136
-46111
-46108
-46101
-46100
-46056
-46052
-46031
-46023
-46016
-46015
-45997
-45982
-45976
-45960
-45953
-45931
-45911
-45909
-45899
-45872
-45853
-45848
-45837
-45818
-45812
-45800
-45798
-45791
-45778
-45772
-45771
-45756
-45736
-45733
-45721
-45720
-45716
-45709
-45704
-45699
-45695
-45669
-45660
-45648
-45639
-45627
-45625
-45621
-45611
-45591
-45571
-45569
-45550
-45488
-45477
-45470
-45464
-45463
-45442
-45432
-45414
-45413
-45412
-45407
-45382
-45377
-45376
-45375
-45357
-45348
-45347
-45345
-45343
-45340
-45338
-45321
-45320
-45308
-45297
-45294
-45290
-45278
-45261
-45248
-45235
-45223
-45215
-45213
-45212
-45176
-45164
-45158
-45157
-45156
-45151
-45100
-45097
-45088
-45085
-45080
-45047
-45016
-45009
-45004
-45000
-44996
-44989
-44987
-44971
-44951
-44941
-44938
-44898
-44896
-44890
-44889
-44888
-44877
-44871
-44857
-44847
-44845
-44832
-44831
-44795
-44793
-44791
-44778
-44768
-44754
-44746
-44737
-44733
-44709
-44707
-44683
-44672
-44659
-44653
-44651
-44650
-44647
-44646
-44633
-44618
-44615
-44610
-44589
-44580
-44564
-44559
-44557
-44507
-44505
-44470
-44456
-44450
-44442
-44427
-44418
-44388
-44385
-44362
-44344
-44335
-44329
-44317
-44294
-44291
-44281
-44271
-44263
-44259
-44250
-44232
-44227
-44225
-44215
-44210
-44209
-44208
-44205
-44203
-44193
-44184
-44173
-44147
-44133
-44126
-44118
-44113
-44109
-44069
-44033
-44030
-44013
-43979
-43975
-43973
-43969
-43935
-43928
-43922
-43911
-43888
-43881
-43860
-43836
-43800
-43797
-43781
-43769
-43767
-43760
-43755
-43738
-43735
-43687
-43619
-43601
-43590
-43589
-43588
-43568
-43556
-43508
-43506
-43473
-43472
-43470
-43460
-43450
-43437
-43430
-43408
-43396
-43386
-43385
-43380
-43371
-43342
-43337
-43331
-43328
-43317
-43302
-43294
-43290
-43289
-43288
-43278
-43272
-43268
-43249
-43229
-43224
-43209
-43186
-43180
-43174
-43155
-43148
-43132
-43126
-43116
-43114
-43096
-43031
-43017
-43013
-43010
-42990
-42988
-42985
-42984
-42982
-42978
-42965
-42953
-42952
-42946
-42940
-42918
-42905
-42902
-42882
-42878
-42877
-42859
-42847
-42841
-42839
-42823
-42810
-42797
-42786
-42778
-42777
-42771
-42759
-42756
-42731
-42716
-42715
-42712
-42696
-42686
-42674
-42652
-42650
-42649
-42627
-42611
-42608
-42602
-42580
-42570
-42565
-42561
-42551
-42549
-42544
-42529
-42509
-42502
-42489
-42475
-42468
-42458
-42450
-42437
-42431
-42417
-42408
-42403
-42400
-42399
-42384
-42376
-42374
-42366
-42360
-42349
-42345
-42342
-42340
-42337
-42336
-42327
-42273
-42264
-42262
-42260
-42243
-42217
-42200
-42190
-42184
-42171
-42154
-42142
-42134
-42133
-42111
-42103
-42072
-42052
-42031
-42019
-42018
-42013
-42010
-42008
-42000
-41991
-41984
-41970
-41967
-41966
-41955
-41951
-41937
-41919
-41917
-41916
-41907
-41903
-41890
-41876
-41875
-41874
-41872
-41843
-41838
-41799
-41764
-41740
-41734
-41733
-41731
-41718
-41708
-41704
-41695
-41689
-41681
-41678
-41675
-41666
-41657
-41626
-41613
-41608
-41588
-41581
-41580
-41557
-41546
-41531
-41525
-41518
-41512
-41488
-41485
-41475
-41456
-41452
-41443
-41441
-41423
-41419
-41404
-41400
-41393
-41375
-41372
-41371
-41367
-41347
-41346
-41329
-41326
-41321
-41307
-41299
-41289
-41283
-41272
-41270
-41266
-41249
-41240
-41233
-41231
-41229
-41222
-41207
-41203
-41190
-41172
-41156
-41150
-41145
-41126
-41124
-41111
-41091
-41075
-41058
-41052
-41050
-41044
-41036
-41002
-41000
-40998
-40968
-40960
-40939
-40933
-40926
-40924
-40923
-40922
-40909
-40892
-40873
-40870
-40852
-40851
-40845
-40843
-40823
-40816
-40804
-40796
-40783
-40781
-40780
-40748
-40729
-40719
-40698
-40682
-40675
-40665
-40657
-40649
-40648
-40647
-40642
-40635
-40632
-40602
-40597
-40596
-40594
-40593
-40570
-40566
-40555
-40553
-40552
-40547
-40537
-40536
-40535
-40532
-40531
-40529
-40515
-40512
-40509
-40490
-40486
-40481
-40477
-40446
-40401
-40396
-40385
-40379
-40363
-40361
-40357
-40353
-40346
-40328
-40318
-40292
-40289
-40280
-40267
-40257
-40244
-40230
-40227
-40218
-40211
-40182
-40162
-40147
-40136
-40123
-40097
-40093
-40090
-40089
-40069
-40059
-40037
-40036
-40029
-40013
-40005
-40004
-39986
-39977
-39968
-39967
-39939
-39905
-39898
-39879
-39874
-39872
-39855
-39842
-39807
-39795
-39771
-39753
-39752
-39750
-39734
-39728
-39727
-39708
-39693
-39692
-39633
-39627
-39625
-39618
-39616
-39606
-39600
-39590
-39585
-39577
-39574
-39571
-39552
-39543
-39534
-39508
-39504
-39495
-39475
-39471
-39469
-39462
-39439
-39410
-39402
-39391
-39389
-39382
-39377
-39369
-39366
-39348
-39340
-39331
-39324
-39316
-39312
-39289
-39286
-39284
-39282
-39279
-39260
-39242
-39236
-39231
-39224
-39222
-39220
-39219
-39206
-39198
-39194
-39180
-39177
-39175
-39173
-39141
-39135
-39125
-39119
-39118
-39109
-39099
-39098
-39094
-39092
-39090
-39083
-39082
-39055
-39032
-39019
-39009
-38996
-38983
-38980
-38973
-38967
-38965
-38958
-38947
-38945
-38930
-38928
-38900
-38887
-38884
-38879
-38818
-38817
-38810
-38794
-38780
-38777
-38704
-38690
-38662
-38659
-38647
-38635
-38619
-38615
-38608
-38605
-38595
-38587
-38582
-38573
-38568
-38530
-38527
-38517
-38501
-38489
-38483
-38475
-38448
-38434
-38433
-38391
-38378
-38358
-38356
-38332
-38330
-38322
-38318
-38301
-38300
-38290
-38288
-38237
-38235
-38201
-38197
-38165
-38164
-38158
-38141
-38097
-38089
-38066
-38057
-38056
-38045
-38044
-38042
-38029
-38016
-38010
-38004
-37995
-37990
-37965
-37963
-37936
-37930
-37923
-37919
-37916
-37915
-37894
-37888
-37881
-37878
-37833
-37817
-37806
-37800
-37784
-37765
-37761
-37755
-37745
-37733
-37726
-37716
-37700
-37697
-37690
-37679
-37645
-37644
-37628
-37616
-37615
-37613
-37598
-37589
-37584
-37573
-37540
-37535
-37514
-37509
-37505
-37493
-37477
-37463
-37440
-37428
-37419
-37418
-37413
-37407
-37405
-37387
-37380
-37378
-37365
-37339
-37311
-37304
-37280
-37272
-37270
-37261
-37257
-37249
-37237
-37231
-37227
-37195
-37178
-37174
-37162
-37149
-37148
-37145
-37141
-37116
-37102
-37034
-37010
-37005
-36997
-36986
-36974
-36965
-36960
-36957
-36943
-36932
-36922
-36915
-36909
-36879
-36856
-36849
-36833
-36829
-36822
-36807
-36795
-36768
-36766
-36749
-36748
-36723
-36714
-36695
-36694
-36686
-36680
-36660
-36658
-36646
-36644
-36643
-36640
-36631
-36610
-36607
-36605
-36601
-36599
-36572
-36567
-36554
-36529
-36528
-36520
-36515
-36501
-36500
-36498
-36480
-36476
-36465
-36447
-36440
-36438
-36428
-36411
-36395
-36379
-36358
-36356
-36331
-36327
-36306
-36301
-36290
-36267
-36263
-36257
-36236
-36227
-36217
-36204
-36201
-36197
-36195
-36192
-36189
-36171
-36165
-36164
-36136
-36133
-36115
-36099
-36085
-36078
-36077
-36076
-36069
-36043
-36042
-36020
-36005
-36001
-36000
-35990
-35985
-35977
-35968
-35962
-35952
-35945
-35937
-35898
-35892
-35870
-35863
-35854
-35852
-35838
-35833
-35805
-35802
-35795
-35765
-35762
-35744
-35743
-35730
-35729
-35725
-35715
-35708
-35700
-35699
-35695
-35691
-35682
-35680
-35664
-35614
-35613
-35590
-35581
-35568
-35566
-35542
-35515
-35513
-35510
-35496
-35471
-35468
-35453
-35437
-35432
-35425
-35413
-35412
-35409
-35404
-35399
-35393
-35391
-35387
-35345
-35337
-35333
-35310
-35298
-35296
-35264
-35250
-35226
-35225
-35220
-35212
-35210
-35188
-35186
-35185
-35176
-35168
-35149
-35146
-35139
-35132
-35127
-35122
-35118
-35102
-35092
-35075
-35071
-35056
-35052
-35050
-35044
-35038
-35029
-35013
-35012
-35004
-34992
-34991
-34986
-34983
-34978
-34972
-34930
-34925
-34911
-34889
-34871
-34867
-34847
-34845
-34839
-34838
-34808
-34800
-34795
-34786
-34777
-34775
-34768
-34759
-34732
-34720
-34709
-34703
-34701
-34697
-34689
-34677
-34672
-34664
-34650
-34637
-34622
-34618
-34610
-34607
-34605
-34593
-34559
-34526
-34510
-34505
-34502
-34491
-34483
-34458
-34456
-34452
-34411
-34398
-34396
-34395
-34393
-34377
-34372
-34365
-34364
-34356
-34350
-34340
-34333
-34319
-34316
-34314
-34313
-34309
-34306
-34297
-34281
-34264
-34262
-34248
-34230
-34225
-34212
-34204
-34203
-34168
-34146
-34132
-34131
-34128
-34127
-34116
-34115
-34112
-34106
-34098
-34097
-34086
-34079
-34074
-34071
-34070
-34061
-34055
-34035
-34034
-34032
-34021
-34016
-34013
-34012
-34006
-34005
-33997
-33991
-33990
-33986
-33973
-33959
-33955
-33950
-33935
-33934
-33932
-33920
-33887
-33885
-33881
-33871
-33869
-33861
-33846
-33842
-33837
-33829
-33811
-33802
-33786
-33776
-33757
-33751
-33747
-33724
-33721
-33720
-33716
-33706
-33677
-33650
-33646
-33613
-33611
-33602
-33594
-33593
-33590
-33566
-33555
-33541
-33521
-33509
-33508
-33484
-33466
-33460
-33457
-33442
-33433
-33425
-33416
-33399
-33379
-33376
-33369
-33353
-33351
-33340
-33325
-33319
-33315
-33309
-33304
-33301
-33272
-33259
-33244
-33236
-33212
-33196
-33188
-33159
-33143
-33139
-33131
-33116
-33105
-33098
-33090
-33083
-33074
-33054
-33052
-33051
-33048
-33042
-33037
-33015
-33013
-33005
-32981
-32978
-32977
-32954
-32949
-32941
-32920
-32918
-32911
-32867
-32851
-32821
-32809
-32802
-32799
-32783
-32778
-32766
-32763
-32739
-32738
-32731
-32717
-32707
-32705
-32700
-32691
-32685
-32684
-32683
-32680
-32677
-32671
-32650
-32647
-32640
-32629
-32615
-32613
-32602
-32580
-32576
-32574
-32564
-32560
-32546
-32543
-32517
-32513
-32489
-32485
-32481
-32457
-32443
-32416
-32415
-32411
-32410
-32409
-32405
-32396
-32383
-32375
-32374
-32356
-32351
-32319
-32310
-32303
-32301
-32284
-32283
-32277
-32276
-32254
-32253
-32252
-32246
-32238
-32233
-32231
-32216
-32189
-32180
-32178
-32163
-32157
-32140
-32130
-32122
-32115
-32107
-32104
-32102
-32085
-32084
-32065
-32061
-32054
-32048
-32026
-32002
-31983
-31979
-31975
-31957
-31956
-31937
-31928
-31925
-31914
-31892
-31881
-31877
-31868
-31849
-31832
-31830
-31829
-31805
-31800
-31773
-31767
-31765
-31750
-31748
-31747
-31735
-31733
-31719
-31697
-31674
-31657
-31653
-31652
-31647
-31634
-31605
-31602
-31586
-31578
-31547
-31542
-31529
-31510
-31508
-31504
-31499
-31488
-31479
-31474
-31470
-31462
-31460
-31453
-31444
-31442
-31427
-31416
-31414
-31412
-31410
-31407
-31404
-31392
-31389
-31383
-31368
-31350
-31311
-31308
-31297
-31294
-31289
-31284
-31250
-31228
-31195
-31194
-31183
-31179
-31159
-31152
-31145
-31120
-31112
-31104
-31095
-31062
-31047
-31037
-31020
-31018
-31017
-30998
-30984
-30931
-30927
-30913
-30891
-30889
-30880
-30876
-30870
-30868
-30855
-30851
-30849
-30835
-30826
-30824
-30818
-30794
-30792
-30788
-30779
-30762
-30709
-30685
-30662
-30660
-30658
-30656
-30652
-30635
-30627
-30620
-30609
-30599
-30585
-30557
-30551
-30550
-30527
-30524
-30518
-30515
-30505
-30498
-30477
-30472
-30468
-30465
-30451
-30445
-30440
-30430
-30424
-30423
-30412
-30408
-30381
-30380
-30379
-30346
-30343
-30338
-30336
-30332
-30319
-30313
-30281
-30268
-30259
-30256
-30246
-30236
-30235
-30232
-30221
-30217
-30211
-30207
-30206
-30173
-30170
-30163
-30160
-30157
-30150
-30149
-30110
-30103
-30099
-30087
-30078
-30073
-30051
-30046
-30038
-30035
-30025
-30024
-30019
-30017
-30013
-30005
-30004
-29946
-29931
-29925
-29909
-29890
-29889
-29874
-29865
-29861
-29859
-29858
-29836
-29830
-29823
-29820
-29792
-29783
-29782
-29761
-29759
-29738
-29732
-29725
-29715
-29708
-29692
-29687
-29668
-29652
-29651
-29632
-29631
-29622
-29616
-29610
-29598
-29591
-29588
-29583
-29573
-29570
-29569
-29509
-29505
-29503
-29498
-29497
-29491
-29478
-29473
-29472
-29471
-29467
-29445
-29443
-29440
-29424
-29417
-29416
-29408
-29400
-29385
-29375
-29365
-29350
-29347
-29337
-29323
-29318
-29316
-29308
-29288
-29259
-29243
-29238
-29225
-29215
-29212
-29203
-29146
-29142
-29109
-29094
-29093
-29088
-29074
-29067
-29053
-29036
-29031
-29022
-29001
-28998
-28993
-28991
-28988
-28971
-28941
-28921
-28897
-28895
-28887
-28876
-28875
-28872
-28841
-28836
-28830
-28825
-28803
-28802
-28799
-28798
-28795
-28794
-28764
-28757
-28753
-28738
-28730
-28723
-28715
-28708
-28693
-28691
-28686
-28683
-28676
-28671
-28655
-28635
-28634
-28631
-28609
-28604
-28600
-28585
-28574
-28568
-28565
-28549
-28544
-28543
-28529
-28514
-28501
-28500
-28492
-28490
-28486
-28484
-28480
-28455
-28439
-28437
-28424
-28415
-28407
-28391
-28390
-28382
-28380
-28378
-28375
-28364
-28360
-28351
-28313
-28311
-28295
-28294
-28289
-28286
-28283
-28270
-28259
-28258
-28235
-28214
-28212
-28183
-28161
-28141
-28124
-28117
-28113
-28105
-28100
-28058
-28057
-28042
-27985
-27981
-27970
-27965
-27963
-27956
-27953
-27949
-27930
-27927
-27926
-27897
-27870
-27864
-27841
-27839
-27835
-27833
-27816
-27815
-27810
-27803
-27787
-27776
-27773
-27771
-27767
-27755
-27700
-27695
-27684
-27678
-27670
-27663
-27654
-27652
-27642
-27630
-27617
-27613
-27603
-27596
-27563
-27540
-27513
-27511
-27510
-27493
-27492
-27488
-27474
-27470
-27468
-27458
-27433
-27431
-27423
-27408
-27405
-27394
-27388
-27381
-27364
-27352
-27341
-27326
-27325
-27309
-27294
-27293
-27285
-27260
-27255
-27239
-27231
-27223
-27220
-27209
-27207
-27206
-27195
-27186
-27172
-27146
-27145
-27143
-27134
-27131
-27129
-27126
-27118
-27117
-27116
-27097
-27081
-27080
-27076
-27067
-27066
-27046
-27040
-27039
-27036
-27028
-27021
-27015
-26998
-26996
-26991
-26981
-26980
-26970
-26967
-26961
-26952
-26941
-26940
-26915
-26912
-26895
-26855
-26845
-26830
-26826
-26824
-26816
-26809
-26802
-26801
-26797
-26795
-26785
-26771
-26769
-26757
-26734
-26726
-26714
-26704
-26690
-26683
-26682
-26671
-26651
-26650
-26643
-26628
-26625
-26613
-26597
-26565
-26529
-26504
-26488
-26486
-26475
-26453
-26445
-26421
-26414
-26405
-26382
-26375
-26348
-26345
-26331
-26321
-26307
-26286
-26277
-26266
-26254
-26249
-26242
-26234
-26233
-26225
-26222
-26221
-26212
-26199
-26180
-26178
-26176
-26164
-26159
-26134
-26128
-26102
-26087
-26081
-26078
-26072
-26064
-26055
-26046
-26027
-26023
-26009
-25980
-25974
-25965
-25932
-25917
-25910
-25887
-25883
-25880
-25877
-25876
-25862
-25860
-25859
-25820
-25800
-25756
-25750
-25749
-25728
-25722
-25715
-25707
-25701
-25692
-25684
-25658
-25656
-25654
-25648
-25643
-25641
-25630
-25626
-25615
-25608
-25592
-25585
-25584
-25583
-25582
-25581
-25554
-25548
-25545
-25535
-25512
-25490
-25482
-25481
-25480
-25476
-25432
-25423
-25422
-25415
-25399
-25375
-25359
-25265
-25255
-25246
-25244
-25242
-25236
-25231
-25230
-25209
-25158
-25155
-25130
-25098
-25079
-25069
-25063
-25060
-25057
-25053
-25012
-24998
-24993
-24992
-24972
-24967
-24966
-24954
-24913
-24901
-24899
-24893
-24889
-24860
-24856
-24854
-24851
-24825
-24823
-24814
-24811
-24808
-24807
-24789
-24787
-24782
-24768
-24762
-24761
-24758
-24743
-24732
-24716
-24715
-24712
-24703
-24701
-24700
-24690
-24683
-24678
-24670
-24662
-24654
-24642
-24626
-24592
-24591
-24571
-24570
-24569
-24564
-24554
-24522
-24519
-24516
-24514
-24507
-24499
-24475
-24470
-24447
-24422
-24418
-24382
-24380
-24376
-24359
-24317
-24300
-24294
-24286
-24276
-24267
-24258
-24241
-24176
-24172
-24139
-24102
-24098
-24089
-24083
-24076
-24075
-24063
-24042
-24039
-24033
-24028
-24022
-24018
-23999
-23993
-23986
-23985
-23981
-23978
-23960
-23958
-23937
-23929
-23911
-23908
-23905
-23887
-23886
-23884
-23843
-23830
-23817
-23816
-23814
-23810
-23806
-23799
-23778
-23745
-23743
-23742
-23740
-23710
-23709
-23703
-23701
-23692
-23683
-23681
-23662
-23660
-23656
-23642
-23582
-23560
-23559
-23552
-23545
-23543
-23533
-23532
-23531
-23524
-23522
-23509
-23503
-23491
-23459
-23451
-23434
-23382
-23376
-23334
-23333
-23329
-23327
-23321
-23289
-23288
-23285
-23278
-23272
-23265
-23258
-23236
-23229
-23228
-23225
-23216
-23209
-23202
-23201
-23200
-23190
-23178
-23173
-23170
-23166
-23165
-23159
-23142
-23135
-23122
-23113
-23108
-23105
-23095
-23084
-23077
-23057
-23049
-23046
-23035
-23033
-23030
-23027
-23016
-23008
-22984
-22975
-22970
-22967
-22957
-22952
-22941
-22934
-22926
-22923
-22886
-22862
-22854
-22847
-22800
-22776
-22772
-22768
-22757
-22738
-22725
-22706
-22690
-22658
-22641
-22636
-22622
-22604
-22595
-22587
-22575
-22573
-22561
-22541
-22503
-22490
-22481
-22460
-22436
-22434
-22430
-22427
-22405
-22382
-22373
-22360
-22338
-22336
-22335
-22331
-22330
-22323
-22321
-22310
-22308
-22301
-22285
-22282
-22277
-22266
-22248
-22246
-22228
-22185
-22180
-22178
-22153
-22149
-22145
-22139
-22120
-22106
-22089
-22087
-22039
-22032
-21982
-21976
-21962
-21948
-21943
-21940
-21937
-21906
-21905
-21894
-21891
-21876
-21857
-21827
-21824
-21816
-21803
-21777
-21774
-21769
-21765
-21746
-21737
-21704
-21683
-21681
-21677
-21643
-21640
-21631
-21630
-21626
-21586
-21574
-21573
-21572
-21565
-21525
-21519
-21515
-21501
-21497
-21494
-21483
-21466
-21458
-21453
-21435
-21425
-21421
-21405
-21401
-21394
-21389
-21384
-21344
-21331
-21322
-21287
-21282
-21281
-21275
-21274
-21272
-21270
-21247
-21237
-21230
-21204
-21197
-21190
-21187
-21178
-21157
-21150
-21143
-21135
-21130
-21122
-21115
-21102
-21092
-21079
-21078
-21055
-21049
-21029
-21017
-20993
-20984
-20973
-20968
-20967
-20966
-20956
-20946
-20917
-20909
-20908
-20900
-20883
-20882
-20881
-20856
-20852
-20841
-20840
-20820
-20812
-20796
-20793
-20779
-20768
-20761
-20740
-20737
-20727
-20726
-20725
-20724
-20715
-20713
-20694
-20689
-20681
-20651
-20649
-20624
-20611
-20604
-20593
-20569
-20568
-20565
-20564
-20542
-20539
-20529
-20527
-20519
-20517
-20515
-20502
-20489
-20482
-20472
-20459
-20452
-20447
-20439
-20426
-20421
-20420
-20414
-20407
-20404
-20391
-20370
-20367
-20364
-20357
-20355
-20354
-20345
-20343
-20341
-20338
-20322
-20317
-20316
-20311
-20295
-20291
-20284
-20275
-20266
-20264
-20263
-20248
-20230
-20219
-20213
-20212
-20178
-20177
-20163
-20161
-20156
-20151
-20148
-20145
-20133
-20129
-20123
-20080
-20047
-20032
-20030
-20021
-20014
-20011
-20010
-20002
-19996
-19967
-19962
-19952
-19948
-19944
-19943
-19928
-19915
-19909
-19902
-19899
-19887
-19873
-19865
-19842
-19841
-19833
-19821
-19801
-19778
-19775
-19774
-19770
-19769
-19767
-19765
-19755
-19753
-19725
-19709
-19705
-19667
-19661
-19634
-19614
-19595
-19591
-19590
-19585
-19584
-19574
-19573
-19571
-19556
-19553
-19548
-19537
-19524
-19520
-19515
-19499
-19492
-19491
-19490
-19476
-19465
-19437
-19430
-19416
-19414
-19401
-19388
-19377
-19376
-19375
-19371
-19361
-19352
-19346
-19342
-19333
-19316
-19314
-19313
-19308
-19292
-19282
-19278
-19219
-19209
-19204
-19179
-19172
-19158
-19147
-19142
-19139
-19128
-19110
-19107
-19100
-19092
-19048
-19047
-19043
-19042
-19025
-19007
-19006
-19003
-18998
-18996
-18993
-18978
-18975
-18971
-18969
-18968
-18963
-18946
-18942
-18937
-18935
-18933
-18930
-18919
-18903
-18891
-18878
-18877
-18876
-18870
-18846
-18836
-18816
-18809
-18791
-18781
-18763
-18756
-18754
-18742
-18720
-18703
-18701
-18695
-18670
-18667
-18656
-18646
-18629
-18626
-18618
-18601
-18557
-18494
-18490
-18486
-18481
-18466
-18465
-18451
-18449
-18441
-18429
-18403
-18395
-18390
-18389
-18374
-18342
-18340
-18332
-18328
-18319
-18313
-18309
-18304
-18296
-18267
-18256
-18245
-18242
-18225
-18204
-18199
-18192
-18188
-18182
-18179
-18169
-18159
-18151
-18147
-18132
-18112
-18109
-18107
-18105
-18103
-18097
-18089
-18080
-18075
-18067
-18053
-18044
-18023
-18019
-18017
-18011
-18007
-17962
-17945
-17937
-17934
-17928
-17919
-17894
-17893
-17852
-17850
-17848
-17845
-17840
-17831
-17817
-17816
-17806
-17801
-17796
-17786
-17772
-17766
-17764
-17751
-17708
-17705
-17680
-17679
-17673
-17663
-17662
-17649
-17641
-17634
-17633
-17625
-17614
-17612
-17610
-17605
-17604
-17598
-17571
-17539
-17528
-17522
-17508
-17495
-17494
-17493
-17480
-17475
-17463
-17454
-17438
-17434
-17410
-17391
-17384
-17383
-17377
-17373
-17345
-17339
-17316
-17300
-17286
-17283
-17279
-17278
-17275
-17268
-17258
-17256
-17254
-17251
-17244
-17239
-17228
-17227
-17218
-17214
-17212
-17197
-17183
-17180
-17161
-17159
-17146
-17143
-17135
-17118
-17111
-17102
-17071
-17004
-16989
-16976
-16969
-16962
-16948
-16938
-16936
-16929
-16908
-16907
-16897
-16893
-16882
-16880
-16863
-16859
-16856
-16850
-16845
-16814
-16811
-16800
-16799
-16797
-16791
-16776
-16771
-16766
-16757
-16751
-16741
-16728
-16725
-16723
-16706
-16701
-16690
-16674
-16665
-16663
-16654
-16643
-16619
-16612
-16605
-16604
-16593
-16592
-16580
-16575
-16554
-16539
-16530
-16493
-16490
-16479
-16474
-16467
-16436
-16426
-16417
-16412
-16408
-16406
-16376
-16341
-16335
-16334
-16331
-16327
-16317
-16305
-16303
-16286
-16237
-16230
-16216
-16215
-16175
-16168
-16167
-16160
-16143
-16134
-16121
-16115
-16097
-16089
-16069
-16063
-16060
-16049
-16045
-16041
-16004
-15998
-15995
-15979
-15962
-15938
-15926
-15923
-15919
-15918
-15915
-15906
-15899
-15891
-15887
-15886
-15883
-15869
-15867
-15861
-15837
-15806
-15785
-15777
-15748
-15738
-15735
-15716
-15699
-15693
-15672
-15670
-15662
-15661
-15656
-15654
-15646
-15644
-15638
-15626
-15621
-15619
-15616
-15609
-15591
-15550
-15547
-15546
-15530
-15525
-15524
-15521
-15506
-15483
-15478
-15473
-15471
-15465
-15451
-15447
-15446
-15418
-15415
-15385
-15369
-15366
-15350
-15335
-15283
-15275
-15272
-15260
-15250
-15245
-15236
-15231
-15229
-15227
-15222
-15214
-15201
-15192
-15182
-15173
-15168
-15162
-15149
-15147
-15133
-15125
-15121
-15119
-15116
-15101
-15086
-15053
-15043
-15018
-15014
-14998
-14968
-14956
-14940
-14913
-14898
-14886
-14875
-14868
-14866
-14854
-14836
-14802
-14784
-14783
-14777
-14776
-14772
-14751
-14740
-14730
-14719
-14708
-14692
-14675
-14658
-14631
-14628
-14620
-14618
-14616
-14608
-14597
-14581
-14528
-14522
-14515
-14491
-14489
-14477
-14461
-14453
-14450
-14433
-14432
-14428
-14424
-14345
-14336
-14322
-14320
-14317
-14312
-14291
-14271
-14269
-14268
-14256
-14255
-14237
-14228
-14217
-14204
-14192
-14149
-14147
-14132
-14089
-14086
-14081
-14080
-14077
-14072
-14062
-14044
-14035
-14026
-14010
-13989
-13987
-13977
-13976
-13974
-13970
-13961
-13960
-13958
-13951
-13950
-13947
-13937
-13920
-13917
-13914
-13908
-13905
-13896
-13892
-13887
-13881
-13871
-13870
-13867
-13865
-13855
-13852
-13847
-13839
-13821
-13819
-13798
-13782
-13771
-13770
-13767
-13764
-13745
-13726
-13723
-13715
-13714
-13700
-13696
-13695
-13678
-13676
-13667
-13666
-13654
-13652
-13651
-13634
-13633
-13611
-13600
-13595
-13594
-13584
-13569
-13562
-13560
-13549
-13546
-13535
-13530
-13526
-13515
-13514
-13509
-13501
-13492
-13484
-13471
-13468
-13457
-13434
-13423
-13404
-13384
-13371
-13366
-13357
-13344
-13340
-13335
-13315
-13305
-13287
-13262
-13246
-13245
-13238
-13225
-13224
-13203
-13201
-13199
-13192
-13133
-13111
-13074
-13073
-13062
-13027
-13025
-13006
-12983
-12972
-12964
-12961
-12957
-12956
-12950
-12930
-12916
-12907
-12901
-12868
-12860
-12843
-12842
-12809
-12804
-12794
-12787
-12771
-12753
-12746
-12735
-12732
-12727
-12723
-12713
-12700
-12680
-12668
-12664
-12658
-12651
-12645
-12634
-12630
-12609
-12602
-12585
-12584
-12567
-12566
-12552
-12533
-12507
-12499
-12493
-12484
-12478
-12474
-12437
-12417
-12416
-12397
-12394
-12389
-12381
-12374
-12373
-12369
-12343
-12340
-12330
-12271
-12255
-12229
-12209
-12179
-12164
-12157
-12149
-12137
-12135
-12134
-12102
-12082
-12028
-12027
-12017
-12005
-12001
-11998
-11993
-11976
-11974
-11962
-11954
-11917
-11912
-11904
-11902
-11869
-11866
-11840
-11792
-11779
-11775
-11774
-11764
-11749
-11733
-11715
-11712
-11708
-11699
-11690
-11686
-11680
-11667
-11650
-11646
-11643
-11631
-11617
-11612
-11604
-11595
-11593
-11589
-11558
-11557
-11555
-11551
-11531
-11522
-11512
-11505
-11497
-11484
-11480
-11453
-11441
-11434
-11425
-11398
-11396
-11368
-11362
-11353
-11346
-11342
-11340
-11337
-11335
-11331
-11325
-11309
-11304
-11298
-11291
-11284
-11269
-11263
-11231
-11223
-11221
-11219
-11208
-11201
-11194
-11185
-11163
-11156
-11137
-11133
-11101
-11077
-11071
-11050
-11049
-11047
-11044
-11021
-11020
-11018
-11008
-11004
-10977
-10975
-10962
-10947
-10921
-10915
-10906
-10874
-10844
-10842
-10820
-10813
-10809
-10788
-10787
-10772
-10770
-10769
-10747
-10724
-10723
-10670
-10660
-10646
-10642
-10630
-10628
-10623
-10596
-10586
-10577
-10574
-10545
-10526
-10516
-10510
-10495
-10480
-10463
-10461
-10429
-10394
-10374
-10373
-10370
-10361
-10344
-10341
-10339
-10322
-10319
-10315
-10309
-10306
-10304
-10303
-10293
-10287
-10281
-10276
-10264
-10245
-10220
-10205
-10186
-10175
-10172
-10147
-10146
-10135
-10109
-10107
-10104
-10097
-10082
-10064
-10060
-10055
-10042
-10040
-10037
-10023
-10017
-10011
-10007
-9983
-9971
-9969
-9956
-9937
-9930
-9923
-9916
-9907
-9891
-9875
-9874
-9863
-9857
-9846
-9833
-9830
-9828
-9811
-9810
-9804
-9803
-9785
-9771
-9768
-9763
-9747
-9735
-9729
-9721
-9716
-9711
-9703
-9681
-9670
-9666
-9656
-9654
-9650
-9644
-9639
-9624
-9623
-9615
-9610
-9558
-9556
-9529
-9523
-9517
-9509
-9507
-9494
-9485
-9463
-9453
-9406
-9402
-9383
-9371
-9358
-9350
-9343
-9338
-9335
-9327
-9300
-9298
-9295
-9292
-9280
-9273
-9260
-9255
-9251
-9248
-9245
-9234
-9229
-9215
-9207
-9187
-9145
-9140
-9118
-9107
-9094
-9076
-9068
-9059
-9043
-9023
-9011
-8997
-8996
-8983
-8966
-8950
-8929
-8921
-8913
-8897
-8880
-8859
-8857
-8851
-8849
-8845
-8818
-8800
-8787
-8766
-8760
-8759
-8745
-8743
-8742
-8739
-8734
-8726
-8725
-8721
-8705
-8694
-8679
-8676
-8665
-8633
-8626
-8617
-8607
-8566
-8551
-8527
-8506
-8491
-8473
-8466
-8444
-8442
-8441
-8432
-8430
-8422
-8420
-8393
-8387
-8380
-8379
-8374
-8370
-8361
-8353
-8327
-8323
-8321
-8307
-8301
-8297
-8296
-8281
-8275
-8251
-8246
-8233
-8230
-8214
-8213
-8190
-8169
-8167
-8160
-8148
-8147
-8146
-8137
-8135
-8128
-8122
-8121
-8077
-8062
-8047
-8037
-8035
-7994
-7978
-7969
-7956
-7935
-7889
-7886
-7882
-7824
-7782
-7771
-7767
-7760
-7734
-7729
-7696
-7688
-7677
-7657
-7652
-7647
-7632
-7621
-7614
-7612
-7605
-7599
-7584
-7579
-7558
-7551
-7547
-7545
-7538
-7535
-7522
-7504
-7485
-7467
-7461
-7455
-7444
-7414
-7361
-7329
-7320
-7317
-7304
-7290
-7286
-7279
-7276
-7272
-7256
-7251
-7245
-7244
-7227
-7197
-7178
-7175
-7150
-7147
-7140
-7138
-7122
-7095
-7090
-7080
-7074
-7045
-7024
-7023
-6988
-6978
-6947
-6946
-6933
-6920
-6918
-6905
-6893
-6881
-6873
-6868
-6847
-6846
-6834
-6831
-6813
-6812
-6762
-6759
-6746
-6743
-6724
-6723
-6687
-6681
-6679
-6677
-6669
-6664
-6637
-6633
-6632
-6631
-6627
-6623
-6601
-6589
-6580
-6575
-6528
-6518
-6517
-6516
-6506
-6486
-6474
-6467
-6461
-6460
-6454
-6448
-6436
-6409
-6407
-6395
-6394
-6382
-6368
-6360
-6359
-6347
-6337
-6328
-6323
-6321
-6312
-6310
-6298
-6287
-6281
-6273
-6267
-6265
-6263
-6257
-6242
-6241
-6237
-6229
-6227
-6222
-6211
-6173
-6168
-6165
-6159
-6156
-6137
-6115
-6097
-6093
-6085
-6083
-6061
-6057
-6046
-6045
-6044
-6025
-6013
-5991
-5981
-5979
-5954
-5949
-5915
-5913
-5912
-5911
-5895
-5894
-5881
-5867
-5866
-5847
-5843
-5835
-5799
-5798
-5778
-5768
-5766
-5765
-5753
-5750
-5747
-5743
-5737
-5736
-5730
-5718
-5713
-5697
-5687
-5685
-5681
-5665
-5663
-5654
-5649
-5645
-5634
-5632
-5617
-5612
-5611
-5610
-5583
-5551
-5550
-5542
-5520
-5514
-5500
-5490
-5484
-5467
-5455
-5452
-5425
-5420
-5409
-5407
-5406
-5405
-5396
-5393
-5358
-5338
-5334
-5333
-5312
-5298
-5296
-5293
-5285
-5282
-5278
-5277
-5262
-5245
-5240
-5237
-5224
-5205
-5181
-5179
-5173
-5157
-5140
-5111
-5106
-5096
-5061
-5058
-5036
-5028
-5022
-5018
-4995
-4989
-4988
-4979
-4975
-4967
-4963
-4959
-4952
-4940
-4926
-4924
-4915
-4894
-4891
-4890
-4887
-4858
-4823
-4822
-4821
-4819
-4810
-4801
-4799
-4797
-4787
-4776
-4769
-4766
-4745
-4734
-4732
-4717
-4700
-4698
-4685
-4680
-4671
-4661
-4658
-4643
-4595
-4591
-4587
-4585
-4578
-4571
-4559
-4557
-4544
-4541
-4529
-4524
-4511
-4490
-4475
-4459
-4450
-4440
-4439
-4434
-4428
-4423
-4417
-4413
-4412
-4404
-4401
-4394
-4393
-4386
-4326
-4320
-4318
-4308
-4237
-4226
-4222
-4220
-4210
-4190
-4188
-4179
-4152
-4150
-4148
-4132
-4128
-4127
-4125
-4122
-4105
-4100
-4096
-4089
-4085
-4081
-4075
-4060
-4058
-4055
-4054
-4024
-4018
-4016
-4002
-3982
-3974
-3967
-3953
-3942
-3937
-3927
-3908
-3900
-3892
-3871
-3852
-3841
-3838
-3807
-3781
-3766
-3753
-3719
-3716
-3714
-3697
-3694
-3684
-3676
-3671
-3654
-3649
-3634
-3614
-3588
-3571
-3569
-3541
-3540
-3539
-3526
-3516
-3502
-3489
-3473
-3470
-3458
-3450
-3435
-3416
-3411
-3399
-3388
-3387
-3386
-3367
-3361
-3352
-3349
-3346
-3327
-3325
-3319
-3287
-3264
-3258
-3256
-3240
-3237
-3231
-3218
-3215
-3194
-3173
-3137
-3136
-3135
-3126
-3125
-3118
-3103
-3100
-3087
-3085
-3082
-3081
-3071
-3039
-3035
-3026
-3025
-3023
-3019
-3016
-3010
-3005
-3003
-2972
-2964
-2955
-2942
-2936
-2931
-2923
-2915
-2912
-2904
-2892
-2887
-2878
-2874
-2872
-2852
-2832
-2830
-2828
-2817
-2804
-2792
-2784
-2741
-2739
-2731
-2721
-2707
-2671
-2667
-2646
-2644
-2621
-2611
-2587
-2586
-2565
-2538
-2535
-2534
-2528
-2526
-2519
-2512
-2504
-2501
-2485
-2481
-2475
-2456
-2427
-2407
-2403
-2390
-2380
-2370
-2367
-2365
-2358
-2345
-2343
-2342
-2338
-2329
-2317
-2310
-2288
-2276
-2267
-2257
-2255
-2251
-2248
-2246
-2224
-2221
-2216
-2214
-2208
-2201
-2184
-2175
-2171
-2121
-2100
-2090
-2087
-2084
-2075
-2066
-2060
-2027
-2019
-2018
-2017
-2015
-2004
-1997
-1992
-1987
-1984
-1981
-1977
-1966
-1965
-1961
-1960
-1952
-1949
-1944
-1933
-1931
-1929
-1918
-1890
-1884
-1871
-1865
-1853
-1851
-1816
-1814
-1812
-1811
-1808
-1797
-1795
-1794
-1785
-1764
-1759
-1754
-1746
-1732
-1713
-1708
-1701
-1699
-1691
-1687
-1679
-1665
-1655
-1651
-1645
-1615
-1593
-1586
-1569
-1561
-1551
-1548
-1547
-1544
-1528
-1520
-1486
-1479
-1475
-1470
-1467
-1456
-1449
-1430
-1419
-1418
-1399
-1387
-1368
-1344
-1341
-1334
-1321
-1282
-1279
-1276
-1261
-1246
-1219
-1216
-1207
-1202
-1189
-1184
-1178
-1176
-1174
-1159
-1136
-1134
-1122
-1112
-1100
-1075
-1074
-1068
-1064
-1057
-1053
-1049
-1040
-1034
-1025
-1005
-963
-954
-952
-950
-944
-911
-910
-906
-905
-899
-878
-877
-868
-854
-852
-849
-845
-831
-824
-822
-794
-785
-784
-771
-749
-746
-726
-709
-703
-697
-694
-685
-679
-668
-652
-648
-644
-636
-631
-630
-629
-626
-612
-607
-596
-593
-591
-588
-580
-576
-542
-537
-528
-522
-521
-516
-495
-491
-474
-471
-461
-441
-439
-438
-426
-377
-373
-368
-344
-341
-333
-276
-271
-251
-250
-206
-198
-185
-179
-177
-174
-145
-137
-100
-97
-71
-53
-47
-46
-34
-31
-24
-15
9
14
20
24
45
48
55
60
71
72
73
74
81
110
112
138
144
147
149
152
156
165
166
193
213
222
228
235
256
262
271
276
285
322
335
343
357
359
367
384
394
400
424
439
443
448
452
467
478
479
492
506
512
544
551
555
556
558
562
567
593
603
639
640
645
655
660
668
689
691
693
702
709
718
721
724
727
741
761
769
776
782
801
803
814
835
858
865
872
884
886
892
894
905
908
976
982
993
996
1011
1024
1028
1033
1038
1058
1061
1065
1076
1102
1119
1142
1147
1160
1163
1170
1171
1194
1200
1206
1208
1217
1222
1224
1227
1230
1231
1235
1241
1266
1274
1282
1283
1285
1286
1287
1294
1298
1323
1326
1329
1334
1344
1370
1371
1381
1395
1399
1409
1430
1433
1446
1451
1457
1468
1489
1502
1514
1538
1560
1564
1578
1587
1588
1589
1604
1607
1609
1640
1645
1657
1663
1689
1700
1706
1709
1724
1755
1757
1788
1809
1814
1836
1855
1857
1860
1876
1877
1905
1920
1923
1940
1943
1952
1964
1972
1979
1980
1988
1990
1996
2057
2064
2076
2077
2080
2085
2099
2103
2105
2108
2117
2125
2133
2137
2157
2183
2201
2202
2213
2217
2290
2315
2316
2321
2322
2323
2327
2344
2349
2352
2355
2367
2371
2372
2376
2382
2391
2407
2431
2434
2455
2457
2461
2493
2499
2505
2516
2522
2528
2529
2546
2568
2573
2576
2577
2594
2597
2605
2617
2624
2637
2648
2656
2663
2668
2680
2698
2709
2714
2728
2730
2737
2744
2766
2772
2775
2792
2817
2837
2844
2846
2860
2863
2885
2893
2902
2909
2912
2920
2932
2948
2954
2958
2985
2986
2992
3009
3032
3054
3061
3066
3074
3077
3079
3094
3096
3105
3124
3126
3129
3137
3150
3155
3162
3193
3212
3222
3237
3253
3272
3280
3288
3300
3310
3329
3330
3357
3358
3389
3392
3410
3413
3420
3421
3432
3434
3437
3438
3441
3460
3471
3477
3511
3520
3534
3540
3541
3548
3566
3571
3576
3582
3585
3603
3651
3654
3660
3670
3672
3676
3696
3697
3700
3706
3707
3715
3716
3718
3724
3741
3749
3761
3775
3776
3791
3796
3800
3808
3828
3829
3859
3870
3873
3888
3897
3900
3910
3913
3941
3950
3965
3969
3982
3983
4003
4008
4020
4026
4030
4036
4049
4071
4077
4083
4093
4095
4098
4114
4124
4131
4140
4169
4171
4180
4202
4219
4222
4232
4243
4250
4258
4268
4273
4284
4298
4301
4305
4307
4311
4315
4318
4346
4376
4390
4414
4417
4418
4443
4448
4462
4467
4475
4503
4519
4528
4529
4543
4544
4551
4552
4559
4572
4581
4595
4622
4623
4626
4627
4635
4644
4647
4650
4664
4673
4695
4713
4725
4746
4750
4768
4781
4788
4791
4809
4811
4817
4820
4822
4835
4842
4855
4857
4863
4868
4883
4910
4918
4920
4924
4946
4950
4988
5000
5009
5013
5019
5023
5069
5073
5084
5086
5094
5098
5103
5121
5136
5143
5144
5150
5155
5187
5190
5195
5198
5204
5218
5229
5265
5279
5287
5295
5298
5340
5350
5369
5373
5378
5384
5388
5405
5411
5416
5432
5471
5482
5487
5489
5501
5503
5507
5515
5527
5531
5543
5571
5574
5582
5584
5586
5589
5601
5605
5610
5615
5624
5628
5642
5644
5647
5657
5684
5708
5717
5747
5751
5765
5778
5813
5821
5835
5856
5873
5881
5882
5889
5903
5907
5914
5925
5940
5951
5953
5968
5969
5982
5986
5991
6006
6007
6016
6019
6026
6039
6050
6051
6053
6069
6071
6074
6089
6106
6107
6119
6127
6139
6151
6155
6181
6195
6219
6272
6286
6290
6296
6298
6302
6308
6320
6342
6356
6359
6366
6392
6397
6399
6406
6425
6434
6458
6462
6469
6473
6491
6492
6495
6509
6510
6513
6515
6520
6537
6538
6549
6550
6553
6554
6557
6564
6571
6578
6582
6584
6588
6590
6604
6608
6620
6630
6648
6682
6683
6691
6697
6711
6723
6735
6736
6748
6749
6753
6761
6762
6772
6773
6792
6814
6867
6880
6899
6901
6904
6930
6937
6940
6967
6985
6989
7005
7006
7012
7034
7050
7075
7093
7098
7101
7102
7107
7134
7143
7144
7145
7148
7154
7155
7186
7199
7243
7245
7246
7251
7252
7297
7299
7318
7323
7327
7338
7339
7349
7365
7366
7370
7390
7399
7417
7420
7431
7435
7501
7526
7529
7541
7549
7570
7572
7589
7590
7607
7613
7615
7621
7633
7637
7643
7661
7669
7678
7687
7719
7720
7732
7744
7751
7761
7764
7766
7783
7791
7806
7807
7809
7810
7812
7821
7823
7824
7850
7851
7854
7856
7867
7916
7931
7934
7944
7951
7954
7957
7975
7985
7986
7995
8026
8035
8036
8042
8051
8055
8058
8063
8065
8075
8095
8104
8125
8131
8133
8165
8168
8172
8182
8183
8186
8189
8217
8221
8223
8243
8252
8266
8275
8285
8294
8310
8321
8358
8362
8382
8388
8404
8409
8415
8418
8426
8434
8441
8443
8447
8448
8453
8478
8493
8496
8500
8518
8524
8531
8543
8558
8560
8588
8612
8621
8638
8640
8662
8665
8674
8676
8684
8689
8697
8716
8735
8741
8746
8755
8762
8765
8767
8775
8812
8820
8835
8840
8853
8873
8883
8888
8889
8903
8907
8942
8961
8965
8969
8973
8976
8991
9002
9019
9027
9052
9054
9074
9079
9080
9081
9082
9095
9100
9126
9152
9157
9182
9196
9198
9216
9218
9222
9237
9259
9260
9261
9268
9296
9302
9314
9321
9332
9364
9373
9376
9380
9392
9402
9406
9413
9417
9425
9475
9485
9486
9493
9501
9502
9509
9517
9521
9553
9555
9556
9598
9609
9615
9633
9647
9653
9666
9681
9704
9718
9736
9755
9756
9768
9779
9783
9791
9797
9802
9808
9824
9849
9859
9861
9878
9908
9911
9920
9921
9922
9930
9938
9939
9945
9953
9954
9955
9958
9967
9969
10008
10029
10036
10050
10064
10078
10080
10103
10125
10133
10134
10137
10138
10167
10193
10196
10199
10213
10235
10245
10255
10262
10263
10286
10293
10309
10321
10328
10344
10349
10368
10400
10424
10438
10449
10450
10456
10461
10481
10487
10489
10499
10503
10519
10525
10531
10552
10558
10559
10562
10569
10591
10604
10606
10609
10628
10631
10635
10646
10659
10662
10690
10694
10696
10699
10707
10721
10732
10742
10760
10776
10779
10795
10801
10806
10823
10831
10836
10855
10856
10879
10888
10910
10913
10923
10924
10926
10932
10946
10948
10960
10977
10988
10994
11006
11025
11035
11057
11065
11073
11122
11126
11130
11155
11158
11160
11162
11164
11193
11200
11220
11224
11233
11235
11244
11258
11261
11263
11269
11270
11282
11285
11297
11305
11308
11315
11321
11335
11367
11416
11423
11436
11438
11445
11455
11464
11468
11483
11508
11514
11516
11524
11526
11530
11536
11547
11548
11550
11581
11588
11618
11641
11671
11675
11681
11683
11690
11704
11736
11747
11760
11771
11775
11807
11817
11822
11824
11841
11843
11844
11853
11884
11887
11889
11895
11896
11923
11937
11951
11977
11987
11992
11994
12008
12021
12033
12056
12057
12068
12081
12085
12089
12099
12121
12122
12129
12145
12175
12189
12193
12197
12206
12233
12253
12264
12268
12278
12279
12280
12292
12312
12316
12342
12362
12366
12377
12384
12387
12396
12406
12421
12455
12460
12464
12497
12525
12530
12534
12539
12553
12558
12587
12607
12609
12611
12613
12618
12621
12634
12639
12660
12664
12672
12695
12697
12706
12707
12728
12753
12755
12784
12791
12797
12802
12819
12822
12828
12829
12830
12835
12850
12869
12871
12881
12894
12899
12903
12906
12926
12931
12951
12958
12962
12974
12979
13000
13007
13010
13015
13035
13044
13049
13051
13055
13093
13098
13099
13125
13146
13159
13182
13190
13192
13221
13229
13240
13252
13266
13270
13291
13294
13297
13319
13323
13324
13326
13328
13335
13342
13344
13349
13381
13407
13413
13422
13425
13432
13437
13447
13449
13462
13464
13472
13503
13505
13518
13519
13521
13529
13537
13550
13566
13574
13579
13594
13597
13606
13613
13616
13635
13639
13672
13706
13721
13722
13741
13742
13748
13758
13779
13786
13792
13808
13840
13849
13858
13861
13865
13867
13902
13903
13907
13908
13920
13943
13949
13987
14004
14016
14025
14033
14038
14056
14063
14064
14065
14073
14074
14092
14096
14102
14103
14107
14114
14120
14140
14150
14207
14210
14213
14276
14293
14317
14321
14330
14347
14348
14379
14384
14401
14405
14408
14409
14410
14425
14448
14449
14461
14472
14473
14477
14481
14487
14496
14498
14503
14518
14528
14530
14535
14543
14544
14558
14567
14581
14591
14601
14630
14634
14639
14661
14664
14666
14673
14682
14689
14698
14700
14738
14771
14772
14774
14778
14781
14809
14811
14821
14841
14848
14849
14852
14863
14878
14909
14925
14931
14945
14952
14966
14979
14992
15033
15037
15043
15044
15059
15065
15078
15101
15104
15114
15119
15155
15160
15176
15243
15250
15257
15264
15277
15278
15301
15325
15356
15364
15374
15377
15380
15392
15422
15425
15428
15430
15458
15463
15489
15496
15507
15517
15544
15563
15567
15573
15575
15584
15588
15595
15600
15641
15667
15669
15677
15683
15684
15696
15701
15704
15710
15712
15730
15733
15745
15747
15758
15766
15780
15795
15806
15809
15811
15824
15826
15838
15867
15871
15873
15882
15884
15898
15901
15905
15925
15963
15970
15971
15975
15977
15988
15998
16004
16017
16018
16024
16027
16028
16034
16054
16063
16066
16096
16116
16144
16148
16167
16171
16226
16243
16244
16249
16256
16271
16280
16308
16362
16363
16366
16379
16383
16420
16421
16430
16456
16463
16466
16472
16473
16474
16497
16502
16510
16534
16535
16536
16549
16550
16562
16568
16572
16574
16581
16586
16592
16596
16600
16612
16621
16628
16653
16663
16688
16690
16696
16747
16757
16764
16777
16779
16785
16787
16789
16842
16847
16857
16864
16879
16880
16895
16896
16904
16911
16927
16933
16935
16947
16972
16983
16988
16991
16993
16996
16999
17006
17024
17028
17033
17034
17035
17079
17082
17083
17087
17090
17107
17113
17115
17128
17134
17135
17149
17160
17169
17180
17181
17182
17204
17206
17220
17227
17230
17242
17250
17266
17272
17286
17311
17316
17324
17326
17333
17349
17351
17360
17372
17399
17403
17405
17415
17417
17425
17444
17454
17455
17458
17459
17508
17521
17530
17537
17538
17555
17574
17601
17614
17626
17640
17647
17651
17667
17672
17688
17717
17722
17732
17738
17762
17766
17769
17771
17772
17791
17804
17807
17815
17825
17839
17840
17847
17850
17860
17861
17868
17872
17880
17897
17908
17912
17917
17923
17926
17927
17935
17947
17962
17989
17994
17999
18004
18040
18047
18057
18065
18066
18069
18076
18078
18085
18090
18091
18093
18109
18111
18127
18130
18134
18139
18145
18176
18177
18187
18192
18194
18217
18219
18232
18243
18246
18254
18267
18282
18291
18298
18305
18310
18334
18356
18357
18365
18379
18385
18406
18416
18420
18426
18432
18440
18450
18476
18485
18492
18525
18538
18540
18552
18558
18561
18567
18568
18593
18597
18598
18601
18618
18621
18623
18625
18640
18654
18655
18661
18663
18672
18676
18685
18694
18695
18698
18705
18710
18723
18732
18749
18761
18766
18782
18789
18790
18800
18804
18820
18843
18846
18856
18889
18903
18904
18910
18915
18918
18921
18929
18930
18953
18962
18972
18977
18978
18979
18982
18984
18988
19024
19096
19099
19101
19104
19113
19119
19121
19140
19158
19159
19163
19180
19187
19196
19207
19214
19265
19280
19287
19325
19339
19345
19381
19409
19416
19420
19427
19480
19484
19490
19496
19500
19501
19533
19558
19572
19588
19600
19601
19608
19614
19633
19635
19637
19660
19662
19663
19667
19668
19674
19682
19691
19700
19701
19762
19768
19771
19777
19778
19780
19788
19794
19802
19809
19810
19825
19826
19828
19829
19838
19845
19850
19854
19862
19893
19897
19913
19914
19926
19930
19948
19950
19952
19966
19975
19979
19982
19991
19997
19999
20013
20014
20020
20025
20030
20034
20038
20040
20043
20048
20056
20058
20077
20101
20102
20112
20125
20128
20136
20140
20146
20148
20155
20171
20180
20181
20195
20205
20210
20224
20236
20244
20258
20266
20275
20285
20286
20294
20299
20301
20305
20351
20356
20365
20370
20384
20386
20392
20410
20427
20428
20446
20463
20484
20493
20499
20502
20503
20510
20513
20535
20552
20604
20607
20617
20644
20651
20686
20695
20701
20703
20717
20719
20720
20721
20738
20759
20771
20774
20780
20785
20802
20810
20812
20840
20843
20859
20865
20866
20878
20886
20902
20904
20928
20937
20946
20952
20959
20968
20979
21015
21020
21028
21052
21079
21102
21128
21144
21149
21169
21172
21177
21178
21187
21229
21238
21242
21244
21251
21275
21276
21277
21284
21303
21305
21320
21335
21337
21339
21356
21362
21366
21373
21385
21397
21412
21421
21431
21441
21443
21456
21471
21482
21500
21502
21517
21519
21521
21545
21554
21555
21556
21567
21573
21581
21610
21611
21626
21653
21660
21680
21700
21704
21717
21718
21724
21741
21744
21754
21755
21770
21800
21801
21810
21811
21829
21830
21832
21840
21865
21870
21871
21882
21889
21900
21915
21934
21950
21955
21961
22003
22006
22031
22033
22043
22098
22104
22108
22110
22112
22125
22139
22180
22183
22186
22193
22200
22220
22245
22253
22264
22278
22279
22318
22321
22343
22345
22374
22376
22401
22413
22452
22462
22475
22495
22514
22524
22533
22540
22548
22558
22559
22560
22580
22586
22588
22597
22598
22603
22617
22631
22640
22644
22657
22665
22672
22678
22684
22686
22689
22690
22695
22724
22730
22731
22736
22742
22748
22751
22770
22779
22792
22820
22823
22826
22828
22829
22834
22839
22841
22848
22853
22855
22858
22862
22866
22910
22921
22946
22977
22987
23001
23005
23008
23016
23028
23048
23054
23058
23059
23061
23064
23081
23089
23092
23093
23108
23129
23137
23140
23154
23161
23164
23178
23201
23205
23209
23211
23267
23282
23291
23301
23351
23352
23358
23378
23385
23393
23402
23406
23427
23429
23432
23435
23436
23456
23468
23473
23497
23512
23518
23539
23543
23556
23587
23588
23594
23600
23610
23615
23627
23628
23634
23643
23651
23671
23684
23686
23695
23702
23716
23720
23727
23738
23747
23763
23767
23768
23793
23807
23809
23813
23820
23826
23828
23847
23872
23873
23880
23884
23886
23908
23909
23929
23944
23952
23984
23987
23993
24015
24016
24022
24025
24027
24054
24055
24058
24077
24087
24090
24095
24110
24124
24128
24129
24190
24195
24202
24204
24208
24216
24219
24220
24224
24232
24236
24240
24250
24266
24282
24298
24305
24307
24316
24329
24343
24360
24370
24388
24398
24405
24407
24410
24415
24431
24434
24476
24489
24497
24500
24502
24503
24526
24528
24529
24545
24559
24592
24597
24614
24619
24635
24641
24642
24649
24650
24652
24657
24664
24675
24677
24685
24693
24739
24740
24751
24753
24758
24764
24788
24798
24819
24823
24824
24831
24834
24845
24890
24905
24914
24924
24931
24932
24933
24953
24957
24982
24995
25002
25010
25012
25049
25060
25068
25070
25075
25100
25101
25129
25130
25134
25146
25147
25152
25169
25170
25179
25180
25226
25259
25269
25290
25347
25348
25358
25360
25372
25377
25387
25398
25399
25404
25408
25411
25413
25421
25444
25450
25452
25453
25465
25467
25476
25486
25491
25494
25508
25516
25520
25525
25529
25545
25547
25577
25579
25583
25593
25603
25612
25615
25616
25625
25637
25642
25654
25667
25676
25684
25687
25688
25726
25739
25743
25753
25773
25775
25785
25790
25803
25805
25808
25810
25838
25847
25860
25863
25867
25879
25882
25895
25903
25924
25926
25935
25943
25952
25965
25977
25980
25990
25998
26010
26012
26016
26023
26031
26044
26051
26059
26061
26063
26083
26088
26106
26116
26118
26132
26134
26141
26159
26176
26179
26188
26198
26206
26210
26212
26219
26223
26244
26247
26273
26274
26293
26296
26312
26313
26315
26323
26324
26337
26352
26358
26379
26385
26388
26405
26419
26423
26424
26430
26433
26439
26449
26457
26461
26479
26481
26484
26486
26487
26492
26504
26508
26524
26529
26538
26541
26547
26554
26560
26608
26630
26635
26636
26637
26655
26675
26679
26690
26693
26716
26722
26724
26730
26740
26748
26755
26803
26805
26806
26815
26823
26833
26868
26877
26879
26889
26897
26913
26919
26920
26926
26947
26992
27007
27016
27030
27048
27055
27059
27060
27065
27071
27097
27105
27133
27152
27159
27174
27179
27186
27203
27218
27219
27235
27265
27269
27270
27271
27272
27278
27284
27285
27287
27291
27311
27327
27336
27339
27360
27363
27393
27404
27415
27422
27452
27465
27479
27497
27498
27507
27523
27528
27533
27535
27537
27550
27552
27578
27582
27589
27593
27612
27638
27670
27673
27676
27679
27691
27705
27766
27786
27794
27797
27799
27834
27836
27839
27856
27873
27874
27950
27953
27956
27963
27975
27976
28010
28013
28017
28022
28056
28073
28075
28086
28116
28127
28129
28141
28151
28184
28189
28192
28206
28215
28220
28236
28239
28242
28263
28265
28271
28295
28305
28330
28333
28354
28360
28364
28365
28368
28373
28374
28388
28411
28419
28447
28461
28508
28518
28524
28527
28529
28534
28535
28545
28571
28590
28609
28638
28641
28647
28659
28665
28683
28684
28691
28710
28759
28760
28773
28794
28798
28818
28832
28838
28851
28854
28890
28896
28899
28918
28931
28948
28952
28953
28975
28999
29022
29053
29069
29083
29094
29118
29120
29138
29139
29153
29165
29190
29200
29203
29248
29251
29257
29264
29268
29271
29292
29298
29310
29338
29359
29379
29387
29394
29395
29422
29424
29430
29444
29445
29458
29468
29475
29479
29481
29482
29494
29507
29511
29522
29531
29532
29537
29565
29572
29576
29577
29600
29605
29606
29608
29630
29644
29662
29663
29669
29681
29705
29716
29731
29760
29762
29765
29772
29775
29780
29786
29787
29817
29823
29830
29833
29834
29835
29839
29852
29862
29883
29906
29920
29925
29937
29950
29988
30031
30033
30050
30053
30061
30066
30068
30077
30092
30104
30109
30121
30132
30141
30151
30153
30156
30157
30159
30163
30168
30172
30176
30186
30203
30204
30210
30215
30221
30227
30238
30251
30252
30253
30269
30271
30283
30296
30312
30320
30327
30332
30338
30351
30403
30422
30432
30441
30474
30479
30487
30489
30493
30522
30530
30533
30534
30546
30550
30559
30570
30571
30583
30593
30610
30616
30619
30634
30636
30648
30657
30672
30691
30694
30702
30704
30715
30718
30722
30725
30738
30744
30765
30767
30772
30784
30793
30806
30815
30826
30833
30834
30863
30872
30877
30879
30904
30905
30909
30915
30919
30926
30951
30972
30973
30977
30978
30983
30997
31015
31025
31045
31054
31071
31092
31094
31095
31096
31098
31125
31130
31133
31146
31160
31162
31169
31175
31179
31196
31207
31212
31225
31229
31233
31238
31241
31253
31255
31269
31276
31285
31302
31303
31305
31307
31318
31323
31327
31328
31356
31357
31361
31375
31392
31400
31424
31472
31478
31484
31496
31508
31545
31548
31560
31562
31592
31611
31639
31644
31651
31664
31675
31684
31692
31699
31709
31710
31715
31734
31738
31746
31797
31805
31820
31825
31833
31860
31861
31881
31897
31900
31903
31941
31942
31962
31969
31972
31986
31987
31992
32012
32013
32019
32020
32031
32034
32057
32062
32080
32083
32089
32098
32103
32118
32125
32147
32151
32168
32189
32192
32209
32213
32253
32254
32256
32262
32263
32265
32297
32299
32305
32309
32314
32316
32325
32331
32339
32342
32343
32349
32352
32358
32363
32396
32399
32412
32421
32446
32476
32479
32480
32489
32492
32502
32517
32519
32548
32551
32553
32566
32581
32588
32591
32598
32614
32619
32620
32631
32633
32637
32640
32646
32653
32655
32672
32676
32681
32695
32716
32731
32749
32750
32752
32789
32808
32810
32818
32837
32861
32864
32885
32913
32921
32934
32936
32937
32940
32942
32948
32957
32959
32967
33020
33027
33031
33041
33045
33054
33061
33063
33064
33070
33089
33095
33100
33106
33124
33154
33162
33165
33168
33171
33180
33181
33189
33210
33213
33232
33241
33281
33284
33315
33318
33330
33331
33349
33352
33353
33360
33362
33366
33368
33370
33375
33383
33388
33390
33396
33397
33400
33402
33409
33413
33439
33466
33474
33505
33506
33533
33581
33607
33609
33613
33619
33629
33643
33651
33655
33677
33682
33684
33690
33711
33714
33725
33728
33730
33737
33746
33747
33762
33765
33767
33776
33783
33805
33823
33843
33845
33846
33854
33865
33895
33900
33932
33935
33949
33952
33967
33968
33973
33980
34018
34020
34045
34058
34063
34064
34067
34087
34094
34098
34103
34105
34111
34119
34140
34143
34145
34174
34176
34204
34205
34207
34220
34231
34232
34236
34238
34243
34258
34274
34295
34316
34325
34343
34359
34372
34375
34383
34390
34406
34412
34414
34420
34436
34450
34456
34463
34489
34499
34509
34541
34550
34562
34564
34575
34580
34583
34604
34612
34634
34643
34653
34662
34674
34687
34713
34717
34725
34728
34733
34741
34764
34777
34812
34830
34853
34860
34877
34878
34892
34897
34911
34918
34922
34936
34945
34953
34990
35016
35025
35027
35052
35073
35074
35084
35096
35109
35115
35130
35136
35141
35143
35147
35154
35163
35177
35183
35194
35197
35200
35202
35207
35208
35219
35233
35237
35275
35299
35304
35311
35331
35333
35339
35344
35345
35367
35376
35382
35407
35414
35438
35443
35444
35453
35461
35474
35484
35503
35510
35514
35542
35544
35554
35560
35581
35602
35616
35635
35647
35654
35663
35664
35665
35667
35670
35671
35705
35706
35709
35718
35727
35730
35734
35738
35750
35752
35781
35782
35783
35786
35803
35842
35849
35851
35854
35858
35860
35874
35882
35890
35897
35916
35932
35938
35941
35956
35970
35971
35973
35978
35984
35985
35997
36024
36027
36039
36054
36060
36070
36095
36146
36153
36158
36163
36174
36182
36187
36195
36196
36218
36221
36224
36234
36236
36241
36254
36267
36277
36283
36285
36295
36304
36324
36336
36347
36356
36382
36387
36414
36416
36433
36446
36464
36484
36490
36494
36503
36508
36519
36522
36534
36545
36546
36553
36567
36581
36601
36613
36624
36630
36633
36649
36678
36682
36691
36694
36721
36728
36739
36749
36776
36788
36807
36821
36829
36834
36873
36874
36887
36892
36911
36934
36937
36968
36976
36987
36996
37009
37014
37016
37032
37033
37058
37079
37091
37094
37097
37099
37120
37126
37132
37134
37141
37160
37161
37180
37187
37188
37190
37198
37210
37211
37219
37225
37264
37280
37287
37289
37294
37299
37322
37343
37349
37352
37354
37356
37360
37379
37382
37383
37386
37388
37391
37427
37437
37439
37444
37454
37461
37482
37486
37495
37496
37497
37516
37523
37532
37566
37573
37575
37604
37620
37640
37642
37669
37681
37693
37697
37699
37724
37727
37735
37740
37750
37754
37763
37765
37780
37791
37798
37800
37805
37817
37823
37833
37836
37844
37848
37852
37887
37890
37898
37906
37926
37946
37950
37969
38001
38010
38011
38026
38028
38034
38048
38057
38065
38079
38096
38106
38108
38113
38137
38144
38165
38166
38203
38209
38211
38238
38256
38257
38268
38271
38283
38286
38289
38294
38315
38334
38336
38356
38369
38393
38404
38412
38425
38438
38447
38471
38486
38499
38500
38502
38542
38568
38584
38595
38636
38650
38664
38668
38691
38694
38696
38702
38703
38716
38736
38746
38768
38777
38782
38783
38796
38800
38814
38818
38824
38840
38859
38869
38872
38880
38893
38897
38909
38913
38914
38923
38926
38928
38929
38932
38937
38962
38965
38974
38978
38981
38999
39012
39026
39030
39031
39047
39050
39058
39106
39120
39124
39130
39141
39148
39157
39158
39169
39188
39209
39218
39219
39223
39249
39255
39261
39276
39282
39297
39315
39355
39373
39374
39376
39389
39393
39395
39404
39442
39473
39498
39508
39520
39521
39525
39542
39556
39560
39562
39565
39571
39578
39586
39612
39613
39620
39624
39634
39650
39679
39681
39697
39722
39733
39743
39757
39761
39767
39804
39818
39821
39830
39836
39843
39848
39850
39857
39861
39870
39891
39894
39912
39917
39927
39932
39940
39955
39964
39980
39982
39999
40027
40031
40050
40059
40081
40102
40106
40114
40144
40145
40168
40177
40180
40188
40208
40215
40218
40226
40229
40232
40236
40237
40238
40245
40250
40251
40265
40276
40282
40297
40304
40323
40325
40369
40378
40393
40396
40407
40417
40430
40435
40440
40448
40457
40464
40478
40494
40516
40518
40520
40531
40534
40556
40558
40563
40566
40567
40568
40570
40577
40591
40593
40594
40602
40621
40652
40664
40691
40707
40712
40715
40730
40745
40767
40815
40828
40833
40838
40843
40861
40864
40872
40881
40897
40920
40941
40942
40961
40971
40972
40986
40989
41001
41005
41006
41020
41055
41060
41069
41088
41089
41095
41099
41100
41101
41106
41127
41145
41155
41157
41161
41184
41189
41215
41221
41223
41246
41251
41261
41265
41278
41288
41305
41309
41318
41344
41366
41371
41386
41388
41393
41394
41397
41402
41409
41416
41422
41443
41452
41457
41462
41469
41470
41473
41485
41486
41491
41494
41499
41501
41512
41545
41547
41555
41557
41558
41561
41562
41571
41583
41597
41615
41627
41629
41656
41669
41684
41693
41696
41697
41716
41740
41743
41765
41766
41773
41774
41779
41782
41794
41803
41808
41813
41816
41834
41862
41866
41885
41888
41895
41898
41909
41912
41913
41921
41931
41933
41937
41954
41959
41984
41989
42000
42002
42008
42022
42027
42043
42048
42050
42055
42074
42077
42095
42107
42114
42121
42136
42144
42152
42158
42162
42167
42169
42172
42180
42189
42191
42200
42211
42220
42230
42236
42238
42239
42260
42268
42298
42300
42315
42323
42325
42330
42335
42424
42460
42499
42504
42511
42512
42516
42526
42546
42561
42569
42572
42598
42605
42616
42648
42666
42688
42691
42705
42720
42726
42737
42742
42746
42748
42755
42781
42789
42793
42811
42827
42834
42843
42851
42864
42870
42874
42882
42900
42905
42909
42936
42953
42958
42965
42983
43026
43035
43042
43074
43075
43076
43077
43081
43082
43095
43099
43102
43105
43113
43127
43128
43169
43180
43187
43189
43248
43249
43251
43262
43299
43312
43327
43330
43334
43340
43341
43348
43359
43362
43366
43373
43377
43389
43392
43422
43427
43434
43450
43453
43461
43474
43481
43489
43490
43491
43507
43514
43535
43538
43554
43565
43566
43568
43585
43613
43627
43635
43644
43649
43653
43670
43698
43706
43711
43728
43734
43738
43751
43754
43755
43785
43787
43793
43795
43796
43803
43823
43828
43856
43860
43863
43865
43875
43878
43880
43884
43899
43901
43902
43913
43916
43926
43928
43929
43931
43943
43957
43960
43961
43981
43995
44001
44013
44015
44045
44061
44064
44069
44073
44078
44102
44115
44130
44214
44235
44238
44240
44254
44272
44276
44278
44297
44309
44314
44318
44321
44346
44351
44380
44387
44388
44391
44396
44403
44405
44420
44449
44457
44463
44470
44474
44480
44488
44489
44502
44503
44507
44517
44526
44532
44552
44556
44622
44623
44633
44636
44647
44653
44654
44656
44663
44664
44666
44684
44709
44734
44748
44761
44769
44770
44787
44790
44809
44810
44814
44821
44839
44845
44864
44871
44894
44917
44918
44938
44958
44968
44971
44974
44987
45013
45016
45027
45041
45045
45052
45060
45067
45075
45087
45098
45100
45142
45153
45159
45164
45173
45193
45210
45216
45217
45233
45257
45269
45273
45283
45287
45344
45349
45352
45361
45364
45373
45387
45391
45405
45413
45434
45445
45449
45469
45478
45479
45489
45498
45516
45527
45530
45546
45552
45556
45565
45566
45570
45573
45607
45623
45629
45632
45642
45647
45649
45669
45670
45677
45681
45682
45694
45731
45744
45755
45761
45762
45769
45773
45795
45796
45836
45839
45845
45854
45863
45887
45902
45914
45933
45951
45952
45962
45964
45997
46010
46015
46018
46020
46044
46049
46057
46070
46071
46074
46083
46088
46094
46104
46110
46112
46113
46118
46159
46165
46175
46211
46213
46220
46223
46230
46238
46255
46261
46266
46289
46299
46320
46385
46396
46402
46406
46412
46432
46438
46456
46465
46487
46501
46505
46511
46521
46522
46533
46538
46562
46565
46569
46574
46584
46589
46595
46596
46597
46603
46626
46646
46655
46656
46665
46670
46677
46686
46693
46697
46735
46788
46800
46804
46813
46858
46905
46921
46928
46957
46963
46969
46983
47035
47067
47073
47076
47077
47089
47105
47110
47115
47118
47135
47139
47151
47155
47176
47177
47200
47203
47204
47224
47226
47243
47251
47278
47283
47290
47303
47324
47327
47328
47361
47363
47370
47388
47393
47409
47411
47415
47417
47424
47438
47455
47466
47469
47472
47483
47486
47580
47594
47621
47674
47681
47694
47701
47715
47718
47729
47753
47789
47791
47798
47801
47814
47838
47840
47842
47844
47845
47860
47872
47873
47904
47912
47915
47916
47922
47935
47944
47945
47950
47962
48007
48010
48020
48027
48033
48063
48072
48075
48087
48093
48094
48097
48110
48111
48114
48117
48121
48129
48131
48154
48162
48164
48165
48166
48168
48181
48184
48199
48202
48214
48219
48224
48231
48240
48241
48242
48247
48253
48259
48264
48276
48280
48281
48284
48304
48309
48310
48315
48321
48322
48336
48340
48365
48370
48377
48387
48403
48421
48425
48426
48432
48442
48446
48450
48456
48461
48474
48508
48509
48513
48520
48527
48534
48544
48553
48558
48564
48565
48566
48595
48604
48606
48631
48637
48645
48662
48669
48689
48691
48701
48709
48717
48719
48723
48760
48767
48772
48776
48799
48809
48812
48852
48860
48868
48904
48921
48924
48928
48961
48996
49000
49011
49018
49026
49041
49068
49097
49114
49118
49133
49155
49162
49168
49174
49194
49231
49244
49251
49273
49283
49299
49300
49310
49319
49329
49344
49356
49379
49394
49395
49420
49422
49425
49433
49456
49459
49489
49506
49520
49551
49569
49587
49603
49645
49648
49651
49653
49683
49696
49697
49699
49715
49730
49737
49738
49755
49762
49781
49782
49792
49803
49825
49835
49848
49857
49871
49914
49921
49923
49930
49932
49938
49945
49954
49960
49974
49982
49984
49991
49994