-32766
49155
-32763
-16376
9
-49143
49162
14
49168
20
32789
49174
24
-49127
-32739
-32738
-49120
16420
16421
-32731
32808
-49111
32810
49194
-16341
45
16430
48
-16335
32818
-32717
-16334
-16331
55
-16327
-49093
60
-32707
-32705
-16317
-32700
32837
71
72
-49079
74
-49078
73
-32691
16456
-16305
16463
81
-16303
-32685
-32684
-32683
16466
49231
-32680
16472
16473
-32677
16474
32861
49244
32864
-32671
-16286
49251
110
-49042
112
16497
32885
-32650
16502
-32647
49273
16510
-32640
49283
-49016
138
-32629
144
32913
147
-16237
49299
16534
149
152
-32615
32921
-48999
-16230
-32613
156
16535
-48992
16536
49310
16549
-32602
32934
32936
32937
49319
-16216
-16215
165
32942
166
32940
-48982
-48975
16562
32948
49329
16568
16572
32957
16574
32959
-32576
49344
-32580
193
-32574
16581
32967
16586
-32564
49356
-32560
-16175
16592
16596
213
-16168
-16167
16600
-48932
222
-32546
-16160
-32543
-48927
49379
16612
228
-48925
235
-48916
16621
-48914
-16143
49394
49395
-48908
16628
-16134
-32517
33020
-32513
256
-48897
33027
262
33031
-16121
49420
-16115
-48882
271
49422
33041
49425
-48878
276
33045
-48874
-32489
16663
49433
-32485
285
33054
-16097
-32481
33061
-48858
33063
33064
-16089
33070
16688
-48847
16690
49456
-48844
49459
-48842
-32457
16696
-48840
-16069
33089
322
-16063
-16060
-32443
-48827
33095
33100
335
-16049
49489
33106
-16045
-16041
343
-32416
-32415
49506
33124
-32411
-32410
357
359
-32409
29379
-32405
16747
-48785
367
49520
-32396
16757
-48772
-16004
16764
384
-32383
33154
-15998
-15995
-32375
-32374
394
16777
33162
33165
16779
400
33168
49551
33171
16787
-48748
-15979
16785
-48750
16789
-48745
-48743
33180
-32356
33181
49569
-32351
33189
-15962
424
-48720
-48719
49587
439
33210
443
33213
-15938
448
-32319
49603
452
-48698
-32310
-15926
-48693
16842
-15923
16847
33232
-32303
-15919
-32301
467
-15918
-15915
33241
16857
-15906
479
-48672
16864
478
-32284
-32283
-15899
-32277
-32276
492
-15891
16879
16880
-15887
49648
49645
-15886
-15883
49653
49651
-48647
506
16383
16895
512
33281
-32254
16896
-32253
-32252
33284
-48633
16904
-15869
-32246
-15861
-15867
16911
-32238
49683
-32233
-32231
16927
544
49697
49696
-15837
49699
33315
33318
16935
551
-32216
16933
555
556
558
562
33331
49715
33330
16947
567
-48586
-15806
-32189
49730
33349
-48568
33353
49737
33352
-32180
49738
-32178
16972
33360
593
33362
-48556
33366
-15785
16983
33368
33370
603
49755
16988
-32163
33375
-15777
16991
49762
-32157
16996
16993
-35700
33383
16999
-48534
33388
33390
17006
-48526
33396
33397
49782
-32140
33400
49781
33402
-15748
-32130
639
17024
33409
49792
640
17028
645
-15738
33413
-32122
-15735
17034
17033
17035
-32115
49803
655
660
-32107
-48491
-32104
-32102
668
-15716
33439
49825
-48474
-48472
-32085
-32084
49835
-15699
689
-48461
-15693
691
693
-48460
17079
49848
33466
-48455
17082
17083
702
-32065
17087
49857
33474
17090
-32061
709
-15672
-32054
-15670
718
49871
-32048
721
-15662
-48429
724
-15661
17107
727
-15656
17113
-48423
17115
-15654
-48419
33505
-48415
-15646
-48412
-15644
33506
-48409
17128
741
-32026
-48406
-15638
17134
17135
-15626
-48392
761
49914
-15621
17149
33533
-32002
-15619
769
49921
-48381
-48380
49923
-15616
-15609
776
17160
49930
49932
782
-31983
17169
49938
-31979
-31975
-15591
49945
17180
17181
17182
801
49954
803
49960
-31957
-31956
33581
814
-48332
17204
17206
3420
49974
-48325
49982
-31937
49984
-15550
835
17220
-15547
-48315
33607
-31928
33609
49994
-31925
17227
33613
17230
-15546
-48304
33619
-48300
-31914
-15530
858
-15525
-15524
33629
17242
-15521
865
17250
872
33643
-31892
-15506
-48271
17266
33651
884
886
-31881
33655
17272
-31877
892
894
-48256
-31868
-15483
17286
905
-48246
-15478
908
33677
-15473
-15471
33682
-48237
33684
-31849
-15465
33690
-48229
17311
17316
-15451
-31832
-15447
-31830
-31829
-15446
17324
17326
-48209
33711
33714
17333
-48199
33725
33728
33730
-31805
17349
-15418
17351
-31800
33737
-48183
-15415
976
17360
33746
33747
982
17372
-48163
993
33762
-31773
996
33765
-15385
33767
-31767
-31765
33776
-48143
1011
17399
33783
-15369
-31750
-15366
-31748
-31747
17403
-48131
1024
17405
-48125
1028
-48123
17415
-31735
-15350
1033
-31733
33805
1038
17417
-48118
-48111
17425
-31719
-15335
33823
1058
17444
1061
1065
17454
17455
-31697
17458
33843
17459
-48075
33846
1076
33845
-45376
33854
-48058
-31674
33865
-48056
-15283
1102
-15275
-31657
-15272
-48038
-31653
-31652
1119
-31647
17508
-48027
-15260
33895
33900
-31634
-15250
17521
-15245
1142
17530
1147
-15236
-15231
17537
-15229
17538
-15227
1160
-15222
-31605
33932
-47987
1163
33935
-31602
1170
17555
1171
-15214
33949
-31586
-15201
33952
-31578
17574
-15192
1194
-47956
33967
33968
-47953
1200
-15182
-47948
-47947
33973
1206
1208
-15173
-47940
33980
-15168
1217
17601
-31547
1222
-15162
1224
-31542
1227
-47923
1230
1231
17614
1235
-47917
-15147
-15149
-31529
1241
17626
34018
-15133
34020
17640
-31510
-15125
-31508
-15121
-31504
17647
1266
-15119
17651
-31499
-15116
1274
34045
-31488
1282
1283
-15101
1285
1286
1287
17667
-31479
34058
17672
-31474
1294
34063
-47855
-31470
34064
1298
34067
-15086
-47848
17688
-31462
-31460
-47838
-31453
34087
1323
-31444
-47829
34094
-31442
1326
1329
34098
-47825
-15053
17717
1334
34103
34105
17722
-31427
34111
1344
-15043
-47809
17732
16550
34119
-31416
-31414
17738
-31412
-31410
-31407
-31404
-15018
-47784
-47783
1370
1371
-15014
34140
34143
-31392
34145
17762
-31389
1381
17766
17769
-31383
17771
17772
-14998
1395
-47756
-47755
1399
-31368
34174
17791
34176
1409
-47741
-14968
-31350
17804
17807
-14956
1430
17815
1433
34204
34205
34207
17825
-14940
1446
-47705
-47703
1451
34220
-47701
17839
17840
-31311
1457
-31308
34231
34232
17847
-47688
17850
1468
34236
34238
-31297
-14913
-31294
34243
-47676
17860
17861
-31289
17868
-31284
-14898
17872
1489
34258
17880
-14886
1502
34274
-14875
17897
1514
-47637
-47636
-14868
-31250
-14866
17908
-47627
-47626
34295
-47624
17912
-14854
17917
1538
17923
-31228
17926
-47609
17927
-14836
-47603
34316
17935
-47596
34325
1560
17947
1564
-31195
-31194
34343
1578
17962
-14802
-31183
1587
1588
-31179
1589
34359
-14784
-14783
1604
34372
17989
1607
34375
-31159
1609
-14776
17994
-14777
-47540
17999
34383
-31152
-14772
-47532
18004
34390
-31145
-47525
-47522
-14751
-47516
34406
1640
34412
1645
34414
-14740
-31120
-47501
34420
-14730
-31112
1657
18040
1663
-47488
-31104
18047
-14719
34436
-31095
18057
-14708
-48513
18065
34450
18066
18069
34456
1689
-47462
-14692
18076
-47458
34463
18078
1700
18085
-31062
1706
18090
-14675
1709
18091
18093
34489
-31047
1724
-47428
-14658
18109
18111
-31037
34499
-47418
34509
18127
18130
-31020
-47403
-31018
18134
-47401
-31017
-14631
1755
18139
1757
-14628
-47392
18145
-47391
-14620
-47386
-47385
-14618
-14616
-30998
-47380
34541
-14608
34550
-47370
-30984
-14597
1788
18176
18177
34562
-47357
34564
-47349
-14581
18187
34575
18192
1809
18194
34580
1814
34583
-47323
18217
-47319
18219
1836
34604
-30931
-47316
-47314
-30927
34612
18232
-30913
1855
1857
-14528
18243
1860
-14522
18246
-47288
34634
16653
-14515
18254
34643
1876
-30891
1877
-30889
-47272
-47275
18267
34653
-47266
-47265
-30880
-30876
-14491
-47258
-14489
34662
-30870
18282
-30868
1905
34674
-14477
18291
-47243
-47242
-30855
18298
-30851
-30849
1920
34687
18305
1923
-14461
18310
-14453
-30835
-14450
1940
-30826
1943
-30824
34713
-47206
34717
18334
-30818
-14432
1952
-14433
-14428
34725
34728
-14424
-47188
34733
-47186
1964
1972
18356
18357
34741
-30792
-30794
-47178
1979
1980
-30788
18365
-47168
-47166
1988
-30779
1990
-47160
-47157
1996
34764
18379
18385
-47148
-30762
-47145
34777
-47142
-47141
-47133
18406
18416
-47117
18420
-14345
18426
34812
18432
-14336
-47097
18440
2057
-30709
34830
-14322
-14320
2064
18450
-14317
-14312
2076
2077
2080
-30685
34853
2085
34860
18476
-14291
2099
-47052
18485
2103
2105
-30662
-47047
-30660
34877
-30658
2108
34878
-14271
-30656
-14269
-30652
2117
-14268
34892
2125
-14256
-14255
34897
2133
-30635
-47016
2137
-47013
-30627
18525
34911
-14237
-30620
-47003
34918
18538
34922
-46996
-14228
2157
-30609
18540
-14217
-46984
18552
34936
-30599
18558
-46976
34945
18561
-14204
-46971
-30585
2183
34953
18567
18568
-46961
-14192
-46954
2201
2202
-46951
-46950
18593
-30557
-46941
18597
2213
18598
18601
-30550
-30551
2217
34990
18618
-14149
-14147
18621
18623
18625
-30527
-30524
-46908
35016
-30518
-14132
-30515
18640
35025
35027
-30505
-30498
18655
18654
18661
18663
49300
-46870
35052
-46864
18672
2290
-30477
18676
-14089
-30472
-14086
-30468
18685
-30465
-46848
-14080
35074
-14077
35073
-14081
18694
18695
-14072
-46838
2315
2316
-30451
35084
18698
-46832
2321
-14062
2323
2322
-30445
18710
2327
-30440
35096
18705
-46821
-46826
-46818
-30430
18723
-14044
35109
-30424
-30423
2344
35115
18732
2349
-14035
-46805
2352
2355
-30412
-14026
-30408
-46791
35130
18749
-46785
2367
35136
2371
2372
35141
-14010
35143
2376
18761
35147
2382
18766
35154
-30381
-30380
-30379
2391
35163
-13989
-13987
18782
-46748
18789
18790
2407
-13976
35177
-13974
-13977
-46743
-13970
35183
18800
-46735
18804
-46730
-13961
-13960
-13958
-30346
-30343
35194
35197
2431
35200
-30338
2434
35202
18820
-30336
-30332
35207
35208
-13951
-13950
-46716
-46708
-13947
-13937
-30319
35219
-46698
-30313
2455
2457
18843
2461
18846
-13920
35233
-46687
-46686
-46691
35237
-46688
-13917
-46680
18856
-13914
-13908
-13905
-46672
-46669
-30281
-13896
-13892
2493
-46657
-13887
2499
-30268
-13881
18889
2505
35275
-30259
-30256
-46640
-13870
-13871
2516
-13867
-13865
18903
18904
-30246
-46630
2522
-46631
18910
2528
2529
-13855
35299
-30236
-30235
-46624
18915
-30232
35304
-13847
-13852
18918
18921
35311
18929
2546
18930
-30221
-13839
-30217
-46595
-30211
-46592
-30207
-30206
35331
-13821
-13819
35333
2568
18953
35339
2573
35344
35345
2576
2577
18962
-46567
-13798
18972
-46561
18977
2594
-30173
18978
2597
18982
-30170
18984
35367
18979
-13782
18988
-30163
2605
-30160
35376
-30157
-13771
35382
-13770
2617
-30150
-30149
-13764
-13767
-46534
2624
-46526
-46524
-46523
2637
-13745
35407
-46513
-46512
19024
35414
2648
2656
-30110
-46494
-13726
-46491
-13723
2663
-30103
-46486
2668
-13715
-30099
35438
-13714
-46481
35443
-46476
35444
-46479
29839
2680
-30087
-13700
35453
-13696
-13695
-30078
-46462
35461
-46458
-30073
-46457
2698
-46447
35474
-13678
-13676
2709
19096
2714
19099
35484
19101
-13666
-30051
-13667
19104
-30046
2728
19113
-30038
2730
-13654
-30035
-46420
35503
-13652
2737
19121
-13651
19119
35510
-30025
-46408
-30024
2744
-46405
35514
-30019
-13634
-13633
-30017
-30013
-46396
19140
-46393
-30005
-30004
2766
-46382
2772
-13611
35542
2775
19159
35544
-46378
19158
19163
-13600
35554
-13595
-13594
2792
35560
19180
-13584
19187
-46344
19196
35581
-13569
2817
-29946
-13562
-13560
19207
19214
35602
-13549
-29931
2837
-13546
-29925
2844
2846
35616
-13535
-13530
-46296
-13526
-29909
2860
2863
-46289
35635
-13515
-13514
-46280
-13509
-46274
-29890
-29889
35647
19265
-13501
2885
35654
-46265
-13492
2893
-29874
35663
35664
35665
-46258
35667
19280
-46254
2902
35671
19287
35670
-29865
-29861
-46244
-29859
-29858
2909
2912
-46240
-13471
-13468
-46234
-46233
2920
-46229
-13457
2932
-29836
-46216
35705
-29830
35706
35709
-46210
19325
-29823
-46205
-29820
2948
35718
-13434
-46201
2954
-46198
19339
-46195
2958
35727
19345
35730
-13423
35734
-46186
35738
-46181
-29792
-13404
35750
35752
-29783
2985
-46163
-29782
2986
2992
-46162
-46156
19381
-13384
-29761
-29759
3009
35781
35782
35783
-13371
-46136
-13366
35786
19409
-13357
-29738
3032
19416
35803
-29732
19420
-13344
-46111
-29725
19427
-46108
-13340
-13335
-46101
-46100
-29715
3054
-29708
3061
3066
-13315
3074
35842
-29692
3077
3079
-13305
-29687
35849
35851
35854
35858
35860
3094
3096
-46056
-13287
19480
-46052
-29668
19484
3105
35874
19490
19496
35882
-29652
-29651
19500
19501
-46031
35890
-13262
3124
3126
3129
35897
-46023
-29632
3137
-46015
-29631
-46016
-13246
-13245
-29622
-13238
35916
19533
3150
-29616
-45997
3155
-29610
-13225
-13224
3162
35932
35938
-29598
-45982
35941
19558
-45976
-29591
-29588
-13203
-13201
-29583
-13199
35956
19572
-45960
-13192
3193
-29573
-29570
-45953
-29569
35970
35971
19588
35973
35978
3212
19600
19601
35984
35985
-45931
3222
19608
35997
19614
3237
-45911
-45909
19633
-13133
19635
19637
3253
-45899
36024
-29509
36027
-29505
-29503
-29498
36039
-29497
3272
-13111
19660
-29491
19662
19663
3280
-45872
19667
19668
36054
3288
-29478
19674
36060
-29473
-29472
-29471
19682
-45853
3300
-29467
36070
-45848
19691
3310
-13074
-13073
-45837
19700
19701
-13062
-29445
-29443
36095
-29440
3329
3330
-45818
-45812
-29424
-29417
-45800
-29416
-45798
-13027
3358
3357
-29408
-45791
-13025
-29400
-45778
36146
-13006
-45772
-45771
19762
-29385
19768
36153
19771
3389
36158
3392
19777
-29375
36163
19778
-45756
19780
-12983
-29365
19788
36174
3410
19794
-12972
3413
36182
-45736
-29350
-45733
-12964
-29347
3421
-12961
36187
19810
36195
36196
-12956
19809
-29337
3432
-12957
3434
-12950
-45721
3437
3438
-45720
-45716
3441
19825
19826
-45709
19829
-29323
19828
-45704
-29318
36218
-29316
36221
19838
-45699
36224
-45695
-12930
-29308
3460
19845
19850
36234
36236
-12916
19854
3471
36241
-12907
3477
19862
-29288
-45669
-12901
36254
-45660
36267
-45648
36277
-29259
3511
19893
19897
-45639
36283
-12868
36285
3520
-12860
-29243
-45627
36295
-45625
19913
-29238
-45621
19914
3534
36304
3540
3541
-12843
-29225
-45611
-12842
19930
19926
3548
-29215
-29212
36324
-45591
19948
-29203
3566
19950
36336
19952
3571
-12809
3576
36347
-12804
-45571
3582
-45569
19966
3585
36356
-12794
19975
19979
-12787
19982
-45550
3603
19991
-12771
19997
19999
36382
36387
-29146
-29142
20013
20014
-12753
20020
-12746
20025
36414
20030
36416
-12735
20034
3651
-12732
3654
20038
20040
-12727
20043
-29109
-12723
3660
20048
36433
-45488
3670
-12713
3672
20056
-29094
-29093
3676
20058
36446
-45477
-29088
-45470
-12700
-45464
-45463
20077
-29074
36464
3696
3697
3700
-29067
-12680
3706
3707
-45442
-29053
36484
20101
3718
20102
3715
3716
36490
-12668
3724
-45432
36494
-12664
20112
-12658
-29036
-12651
36503
-29031
-45414
-45413
36508
3741
-45412
-12645
20125
20128
-29022
-45407
3749
-12634
36519
20136
36522
-12630
20140
3761
20146
20148
36534
-29001
-28998
-45382
20155
-28993
3775
-45377
36546
-12609
-28988
3776
-12602
-28991
36545
36553
-45375
20171
3791
-45357
3796
-28971
20180
-12585
3800
-12584
36567
20181
-45348
-45347
-45345
3808
-45343
20195
-45340
36581
-45338
-12567
-12566
20205
20210
-28941
3828
3829
-45321
-45320
-12552
36601
20224
-45308
36613
-28921
-12533
20236
-45297
36624
-45294
3859
20244
36630
-45290
36633
3870
-28897
-28895
20258
3873
-45278
-12507
-28887
36649
20266
-12499
3888
-12493
-28876
20275
-28875
-45261
-28872
3897
-12484
3900
20285
20286
-45248
-12478
3910
36678
-12474
3913
36682
20294
20299
-45235
20301
20305
36691
36694
-28841
-45223
-28836
-45215
-28830
-45213
-45212
3941
-28825
-12437
3950
36721
36728
-28803
3965
20351
-12416
-28802
-28799
-28798
3969
36739
-28794
-28795
-12417
20356
-45176
20365
3982
3983
36749
20370
-12397
-45164
-12394
-45158
-12389
-45156
-45157
20384
-45151
20386
4003
-12381
-28764
4008
36776
20392
-12373
-28757
-12374
-28753
-12369
4020
36788
4026
20410
-28738
4030
4036
-28730
36807
-12343
20427
-12340
-28723
20428
4049
-45100
-28715
-12330
36821
-45097
-28708
36829
20446
-45088
36834
-45085
4071
-45080
-28693
-28691
4077
20463
-28686
4083
-28683
-28676
4093
4095
-28671
4098
20484
36873
36874
-45047
20493
-28655
4114
20499
-12271
20502
36887
20503
36892
4124
20510
-12255
20513
4131
-28635
-28634
-45016
-28631
4140
36911
-45009
-45004
20535
-45000
-12229
-44996
-28609
-44989
-28604
-44987
36934
-28600
20552
4169
4171
36937
-12209
4180
-44971
-28585
-28574
-28568
-44951
36968
4202
-28565
-12179
36976
-44941
-44938
-28549
20604
4219
36987
4222
-28544
-28543
-12164
20607
36996
-12157
4232
20617
-12149
-28529
37009
4243
37014
-12137
37016
-12135
4250
-12134
-28514
-44898
-44896
4258
20644
-44890
-44889
37032
-44888
37033
-28501
4268
20651
-28500
4273
-44877
-28492
-28490
-44871
-12102
-28486
-28484
4284
-28480
37058
-44857
4298
4301
-12082
20686
4305
-44847
4307
-44845
4311
37079
-28455
20695
4315
20701
4318
20703
-44832
-44831
37091
37094
-28439
37097
-28437
37099
20717
20719
20720
20721
-28424
4346
37120
-28415
20738
-12028
-44795
37126
-44793
-12027
-28407
-44791
37132
37134
-12017
37141
-44778
20759
4376
-28391
-28390
-12005
-12001
-44768
-28382
20771
-28380
-11998
4390
-28378
37160
-28375
37161
20774
-11993
-44754
20780
20785
-28364
-44746
-28360
-11976
-11974
37180
4414
-44737
-28351
20802
-44733
4417
4418
37190
-11962
37187
37188
20810
20812
-11954
37198
37210
37211
-44709
4443
-44707
4448
37219
-28313
20840
-28311
37225
20843
4462
4467
-11917
-44683
-11912
-28295
-28294
4475
20859
-28289
-44672
-11904
-11902
-28286
20865
-28283
20866
-44659
20878
37264
-28270
-44653
-44651
-44650
4503
20886
-44647
-44646
-28259
-28258
37280
-11869
-11866
4519
37287
-44633
20902
37289
20904
37294
4528
4529
37299
-28235
-44618
-44615
-44610
4543
4544
-11840
20928
4551
4552
20937
37322
-28214
-28212
4559
20946
-44589
20952
4572
-44580
37343
20959
4581
37349
20968
-28183
37352
37354
37356
-44564
-11792
-44559
37360
4595
20979
-44557
-11779
-28161
-11775
-11774
37379
37382
37383
37386
37388
-11764
4622
4623
37391
4626
-28141
4627
21015
-11749
21020
4635
-28124
4644
21028
-44507
4647
-44505
4650
-28117
-11733
-28113
37427
-28105
4664
-28100
37437
-11715
37439
21052
4673
-11712
37444
-11708
-44470
-11699
37454
37461
-11690
4695
21079
-44456
-11686
-44450
-11680
-28058
-28057
-44442
4713
37482
-11667
37486
21102
4725
-28042
37495
37496
37497
-44427
-44418
-11650
-11646
-11643
21128
4746
37516
4750
-11631
37523
21144
37532
21149
-44388
-44385
-11617
4768
-11612
-11604
4781
-27985
21169
-27981
4788
21172
-44362
4791
-11595
21177
-11593
21178
-11589
37566
-27970
21187
-27965
37573
-27963
37575
-44344
4809
4811
-27956
-27953
4817
-44335
-27949
4820
4822
-44329
-11558
-11557
-11555
-11551
-44317
4835
37604
-27930
-27927
-27926
4842
21229
37620
-11531
21238
4855
4857
21242
-44294
21244
-44291
-11522
4863
21251
4868
-44281
-27897
37640
37642
-11512
-11505
-44271
4883
-11497
-44263
21275
21276
-44259
21277
-27870
-11484
37669
21284
-44250
-27864
-11480
4910
37681
4918
21303
-44232
4920
21305
4924
-44227
37693
-27841
-44225
-27839
37697
-11453
37699
-27835
-27833
21320
-44215
-44210
-44209
-44208
-11441
4946
-44205
-44203
-11434
4950
-27816
-27815
21335
21339
37724
21337
-27810
37727
-11425
-44193
-27803
37735
-44184
21356
37740
21362
-44173
-27787
21366
37750
37754
-11398
4988
-11396
21373
-27776
-27773
37763
-27771
37765
5000
-27767
21385
-44147
5009
37780
-27755
5013
21397
-11368
5019
-44133
-11362
5023
37791
-44126
21412
37798
-11353
37800
-44118
37805
21421
-11346
-44113
-11342
-44109
-11340
-11337
21431
37817
-11335
-11331
37823
21441
-11325
21443
37833
-27700
37836
5069
21456
-27695
5073
-11309
37844
37848
-11304
-44069
37852
5084
5086
-11298
21471
-27684
-27678
-11291
5094
5098
21482
-11284
-27670
5103
-27663
-27654
-11269
21500
-27652
21502
37887
-44033
5121
37890
-11263
-44030
-27642
37898
21517
21519
5136
21521
-27630
-44013
37906
5143
5144
5150
-27617
-11231
-27613
5155
37926
-11223
21545
-11221
-11219
-27603
21554
21555
-27596
21556
-43979
-11208
-43975
37946
-43973
37950
-43969
-11201
21567
5187
21573
5190
-11194
5195
21581
5198
-11185
37969
5204
-27563
-43935
5218
-11163
-43928
21610
21611
-27540
-11156
5229
-43922
38001
-43911
21626
38011
38010
-11137
-11133
-27513
-27511
38026
-27510
38028
-43888
5265
38034
21653
-43881
-27493
-27492
21660
5279
-27488
38048
-11101
5287
38057
-43860
-27474
5295
21680
38065
-27470
5298
-27468
-11077
-27458
38079
-11071
21700
-43836
21704
38096
21717
-11050
-11049
-27433
-27431
-11047
38106
5340
21724
38108
21718
-11044
38113
-27423
5350
-43800
-43797
21741
-27408
21744
-27405
-11021
-11020
-11018
5369
38137
21755
21754
5373
-27394
-43781
-11008
38144
5378
-27388
-11004
-43769
5384
-43767
21770
-27381
5388
-43760
38165
38166
-43755
-27364
5405
-10977
-10975
5411
-43738
5416
21800
-27352
-43735
21801
-10962
21810
21811
-27341
5432
38203
-10947
38209
-27326
38211
-27325
21829
21830
21832
21840
-27309
-10921
-43687
-10915
38238
5471
-27294
-27293
-10906
21865
5482
-27285
21870
5487
38256
38257
5489
21871
21882
38268
5501
5503
38271
21889
5507
-27260
-10874
-27255
5515
21900
38283
38286
38289
38294
5527
-27239
5531
21915
-43619
-27231
-10844
-10842
5543
-27223
38315
-27220
21934
-43601
-27209
-27207
-27206
-43589
-43588
-10820
38334
21950
38336
-43590
21955
5571
-27195
5574
-10813
-10809
21961
5582
-27186
5584
-43568
5586
38356
5589
-27172
-43556
-10788
-10787
5601
38369
5605
5610
-10772
-10770
-10769
5615
22003
-27146
-27145
5624
-27143
38393
22006
5628
-27134
38404
-27131
-10747
-27129
5642
38412
-43508
-43506
22031
-27126
5644
5647
-27117
-27118
-27116
22033
5657
38425
22043
-10724
-10723
38438
-27097
38447
-43473
-43472
-43470
5684
-27081
-27080
-27076
-43460
-27067
-27066
38471
-43450
5708
22098
-43437
-10670
5717
38486
22104
-43430
-27046
-10660
22108
22110
-27040
-27039
22112
38499
-27036
38500
38502
-10646
-27028
22125
-10642
-43408
-27021
5747
5751
-10630
22139
-43396
-10628
-27015
49991
-10623
5765
-43386
-43385
-26998
-26996
-43380
38542
-26991
5778
-43371
-26981
-26980
-10596
22180
-26970
-10586
38568
-26967
22183
22186
-26961
-10577
22193
-43342
-10574
5813
-43337
-26952
38584
22200
5821
-43331
-43328
-26941
-26940
38595
5835
22220
-43317
-10545
-43302
-26915
-26912
5856
-43294
-10526
22245
-43290
-43289
-43288
38636
-10516
22253
-26895
5873
-10510
-43278
22264
5881
5882
38650
-43268
-43272
5889
-10495
22278
22279
38664
38668
-43249
-10480
5903
5907
-26855
5914
-10463
-43229
-10461
-26845
38694
38691
-43224
5925
38696
38702
38703
22318
22321
-26830
5940
-26826
-43209
-26824
38716
5951
-26816
5953
-10429
-26809
22343
22345
-26802
-26801
5968
5969
38736
-26797
-43180
-26795
-43186
-43174
38746
5982
-26785
5986
-10394
5991
22374
22376
-26771
-43155
-26769
38768
-43148
6006
6007
38777
-26757
-10374
-10373
38782
38783
6016
22401
-10370
6019
-43132
-10361
6026
-43126
38796
22413
38800
-26734
-43116
-43114
6039
-10344
-26726
-10341
-10339
38814
6050
38818
6051
6053
-26714
-43096
38824
-10322
-26704
-10319
22452
-10315
6069
6071
38840
6074
-10309
-26690
-10306
22462
-10304
-10303
-26683
-26682
6089
38859
-10293
22475
-26671
-10287
38869
-10281
38872
6106
6107
-10276
22495
38880
-26651
-26650
6119
-10264
-43031
-26643
38893
6127
38897
22514
-43017
6139
-26628
38909
-43010
-26625
-43013
38913
38914
-10245
22524
22533
6151
6155
38923
-26613
38926
22540
38928
38929
-42990
-42988
22548
38932
-10220
-42984
38937
-42982
-26597
-42985
-42978
22559
22558
22560
-10205
6181
-42965
38962
6195
22580
38965
-10186
-42953
-42952
22586
-26565
22588
38974
-42946
-10175
38978
-42940
38981
-10172
22597
22598
6219
22603
38999
22617
-42918
-10147
-10146
-26529
39012
-42905
22631
-10135
-42902
22640
39026
22644
39030
39031
-26504
-42882
6272
22657
-42878
-10109
-42877
-10107
39047
-26488
22665
-26486
39050
-10104
6286
-10097
22672
39058
6290
-26475
22678
-42859
6296
6298
22684
-10082
22686
6302
22689
22690
-42847
6308
-42841
22695
-42839
-26453
6320
-10064
-26445
-10060
-10055
-42823
39106
22724
-10042
6342
-42810
-10040
22730
-10037
22731
-26421
22736
39120
-26414
-42797
6356
39124
22742
6359
-10023
39130
-26405
22748
6366
-42786
-10017
22751
39141
-42778
-10011
-42777
-10007
39148
-42771
-26382
22770
39157
39158
6392
-26375
-42759
22779
-42756
6397
6399
39169
-9983
6406
22792
-9971
-9969
39188
-42731
-26348
-26345
6425
-9956
6434
-42716
-26331
-42715
22820
-42712
39209
22826
22823
22828
22829
-9937
-26321
39218
39219
22834
-9930
39223
22839
22841
6458
-42696
-9923
-26307
6462
22848
-42686
-9916
6469
22853
22855
6473
22858
-9907
-42674
22862
39249
22866
-26286
39255
6491
-26277
-9891
6492
6495
39261
-42652
-42650
-26266
-42649
39276
6509
6510
-9875
-9874
6513
-26254
39282
6515
-26249
6520
-9863
-42627
22910
-26242
-9857
39297
-26234
-26233
22921
6537
6538
-9846
-42611
-26225
-42608
-26222
-26221
39315
6549
6550
-42602
-9833
6553
6554
-9830
-9828
6557
-26212
22946
6564
-26199
6571
-42580
-9811
-9810
6578
-9804
-9803
-42570
6582
6584
39355
-42565
-26180
-26178
6588
-26176
22977
6590
-42561
-9785
-42551
-42549
6604
-26164
39373
39374
6608
39376
-42544
-26159
22987
-9771
-9768
23001
6620
39389
-9763
-42529
23008
39393
23005
39395
6630
23016
-26134
39404
-9747
-26128
-42509
23028
19802
6648
-9735
-42502
-9729
-1933
-42489
23048
-9721
-26102
-9716
23054
-9711
23058
39442
23059
-42475
23061
23064
-26087
6682
6683
-42468
-9703
-26081
-26078
6691
-42458
-26072
6697
23081
-42450
-9681
-26064
39473
23089
23092
23093
6711
-26055
-9670
-42437
-9666
-42431
-26046
6723
23108
-9656
39498
-9654
-9650
6735
-42417
6736
-9644
39508
-26027
-42408
-9639
23129
-26023
6748
-42403
6749
39520
39521
23137
6753
-42400
39525
-42399
-26009
-9624
-9623
6761
6762
23140
-42384
-9615
23154
6772
6773
39542
-9610
-42376
23161
-42374
23164
-42366
-25980
39556
6792
39560
-25974
39562
23178
39565
-42360
-25965
-42349
39571
-42345
-42342
39578
-42340
6814
-42337
-42336
23201
39586
23205
-42327
23209
23211
-9558
-9556
-25932
39612
39613
-25917
39620
-9529
39624
-25910
-9523
39634
6867
-9517
-9509
-9507
-42273
6880
-25887
39650
23267
-25883
-25880
-42264
-42262
-9494
-42260
-25877
-25876
23282
-9485
6899
6901
6904
-25862
23291
-25860
-25859
-42243
39679
39681
23301
-9463
39697
6930
-9453
-42217
6937
6940
-25820
-42200
39722
-42190
39733
23351
-25800
-42184
23352
6967
23358
39743
-9406
-42171
-9402
6985
6989
39757
39761
23378
-42154
39767
-9383
23385
7005
7006
23393
-42142
-25756
7012
-9371
-25750
-25749
-42134
-42133
23402
23406
-9358
7034
-9350
39804
-25728
-9343
-42111
23427
23429
-9338
-25722
23432
-42103
7050
39818
23435
39821
-25715
-9335
23436
-9327
-25707
39830
-25701
39836
23456
7075
39843
-25692
39848
-42072
39850
-25684
-9300
-9298
23468
39857
-9295
23473
-9292
7093
39861
7098
-42052
7101
7102
39870
-9280
7107
-25658
-9273
-25656
23497
-25654
-25648
-42031
39891
-9260
-25643
39894
-25641
23512
-9255
-42019
7134
-42018
-9248
-9251
-25630
-42013
23518
-25626
7143
39912
7144
7145
-9245
7148
39917
-9234
-42010
-42008
-25615
7154
7155
-42000
-9229
23539
39927
-25608
-41991
23543
39932
-41984
-9215
39940
23556
-25592
-9207
-41970
-25585
-25584
-25583
-25582
7186
-25581
39955
-41967
-41966
39964
-41955
-9187
7199
-41951
23587
23588
23594
39980
39982
-25554
-41937
23600
-25548
-25545
23610
39999
23615
-25535
-41919
-41917
-41916
-9145
7243
23628
7245
7246
23627
-9140
-41903
23634
7251
7252
-41907
-25512
40027
23643
-41890
40031
-9118
23651
-41876
-41875
-25490
-41874
-41872
-9107
40050
-25482
23671
-25480
-25481
-9094
-25476
40059
7297
7299
23684
23686
-9076
-41843
23695
40081
-41838
-9068
7318
23702
7323
-9059
7327
23716
40102
-25432
23720
7338
40106
7339
-9043
23727
-25423
-25422
40114
7349
-41799
-25415
23738
-9023
23747
7365
7366
-25399
7370
-9011
40144
40145
23763
23767
23768
-8997
-8996
-41764
7390
-25375
7399
40168
-8983
-25359
40177
23793
-41740
40180
7417
-8966
-41733
7420
40188
-41734
-41731
23807
23809
23813
7431
-41718
-8950
7435
23820
40208
23826
23828
-41708
40215
-41704
40218
-8929
-41695
40226
40229
-41689
40232
-8921
23847
40236
40237
40238
-41681
-8913
-41678
40245
-41675
40250
40251
-41666
-8897
23872
23873
-41657
23880
40265
23884
7501
23886
-25265
-8880
40276
-25255
40282
-25246
-25244
23908
-8859
-8857
-25242
7529
40297
7526
-25236
23909
-41626
-8849
40304
-25231
-25230
-41613
-8845
7541
-8851
-41608
23929
7549
40323
40325
-25209
23944
-41588
-8818
23952
7570
-41581
7572
-41580
-8800
7589
7590
-41557
-8787
23984
40369
23987
-41546
7607
23993
-25158
40378
-25155
7613
7615
-8766
7621
-41531
-8760
40393
-8759
-41525
40396
24015
24016
7633
-41518
7637
-25130
-8745
-41512
-8743
-8742
24027
40407
7643
24022
24025
-8739
40417
-8734
-8726
-8725
7661
40430
-8721
-41488
40435
-41485
7669
-25098
24054
40440
24055
24058
-41475
7678
-8705
40448
7687
-25079
40457
-8694
24077
40464
-41456
-25069
-41452
24087
-25063
24090
-8679
-25060
-8676
40478
-25057
-41443
-41441
24095
-25053
7719
-8665
7720
40494
24110
-41423
7732
-41419
24124
7744
24129
24128
40516
-41404
40518
7751
40520
-41400
-8633
-25012
-8626
-41393
7761
40531
7764
40534
-8617
7766
-24998
-24993
-24992
-41375
-8607
-41372
-41371
7783
-41367
40556
40558
7791
40563
-24972
40566
40567
40568
-24967
-24966
40570
-41347
7806
7807
-41346
40577
7810
7809
7812
24190
-24954
24195
-8566
24202
24204
7821
7823
-41329
40591
40594
-41326
7824
40593
24208
-41321
24216
-8551
40602
24219
24220
24224
-41307
24232
7850
7851
-41299
24236
40621
7856
24240
-8527
7854
-24913
-41289
24250
-24901
7867
-24899
-41283
-24893
-8506
-24889
-41272
-41270
24266
40652
-41266
-8491
40664
24282
-41249
-24860
-8473
-24856
-41240
24298
-24854
7916
-24851
-8466
-41233
-41231
24305
24307
40691
-41229
-41222
7931
24316
7934
40707
-8444
-8442
-24825
40712
-8441
24329
7944
-24823
40715
-41207
7951
-8432
-41203
-24814
7954
-8430
-24811
7957
24343
-24808
-24807
40730
-41190
-8420
-8422
7975
24360
40745
-24789
-41172
-24787
7985
7986
24370
-24782
-8393
7995
-41156
-8387
40767
-24768
-41150
-8380
24388
-8379
-24762
-24761
-41145
-8374
-24758
-8370
24398
24405
-8361
24407
-24743
24410
8026
-41126
-41124
-8353
24415
8035
-24732
8036
-41111
8042
40815
24431
24434
8051
-24716
-24715
8055
-24712
-8327
8058
40828
-8323
-41091
8063
-8321
8065
-24703
40833
-24700
-24701
40838
8075
40843
-8307
-24690
-41075
-8301
-24683
-8297
-8296
-24678
24476
40861
-41058
8095
40864
-24670
-41052
-41050
-8281
40872
8104
-24662
24489
-41044
-8275
40881
24497
-24654
-41036
24500
24502
24503
8125
-24642
40897
8131
8133
-8251
-8246
-24626
24526
24528
24529
-41002
-8233
40920
-41000
-40998
-8230
24545
8165
8168
-8214
-8213
8172
40941
40942
24559
-24592
-24591
8182
8183
-40968
8186
8189
-40960
40961
-8190
-24571
-24570
-24569
40971
-24564
40972
24592
-40939
-24554
24597
-8169
8217
40986
-40933
-8167
8221
40989
8223
-8160
-40926
-40924
-40923
-40922
24614
41001
24619
-8148
41005
41006
-8147
-8146
-40909
8243
-24522
-8137
-24519
-8135
24635
-24516
8252
-24514
41020
-8128
24641
24642
-40892
-24507
-8122
-8121
24649
8266
24650
24652
-24499
24657
8275
-40873
24664
-40870
8285
41055
24675
41060
-24475
24677
8294
-24470
-40852
-40851
41069
24685
-40845
-8077
24693
8310
-40843
41088
-24447
8321
41089
-8062
41095
-40823
41099
41100
41101
-40816
-8047
41106
-24422
-8037
-40804
-8035
-24418
24739
-40796
24740
8358
41127
8362
24751
24753
-40783
-40781
-40780
24758
41145
24764
8382
-24382
41155
-24380
41157
-7994
8388
-24376
41161
8404
-40748
24788
-7978
-24359
8409
24798
-7969
41184
8415
8418
41189
-40729
8426
-7956
-40719
8434
24819
24823
24824
8441
8443
8447
41215
24831
-7935
24834
8448
8453
41221
-40698
-24317
41223
24845
-24300
-40682
-24294
-40675
8478
41246
-24286
41251
-40665
-24276
8493
41261
-7889
8496
41265
-40657
-7886
8500
-24267
-7882
-40649
-40648
-40647
24890
-24258
-40642
41278
-40635
8518
41288
-40632
24905
8524
-24241
24914
8531
41305
24924
41309
8543
24931
24932
24933
41318
-40602
-40597
-40596
-40594
8558
8560
-40593
-7824
24953
24957
41344
-40570
-40566
8588
-24176
-24172
-40555
41366
-40553
24982
-40552
-7782
41371
-40547
24995
8612
-7771
-40537
-40536
-40535
41386
-7767
41388
-40532
8621
-40529
25002
41393
41394
25010
25012
41397
-24139
-7760
41402
-40515
8638
8640
41409
-40512
-40509
41416
-7734
41422
-7729
8662
-40490
25049
8665
-24102
-40486
-24098
-40481
8674
41443
8676
25060
-40477
-24089
25068
-24083
8684
41452
25070
8689
41457
25075
-24076
-24075
41462
-7696
-7688
8697
41469
41470
41473
-24063
-7677
-40446
8716
41485
41486
25100
25101
41491
-24042
41494
-7657
-24039
41499
-7652
41501
-24033
8735
-7647
-24028
8741
41512
25129
-24022
8746
25130
-24018
25134
-40401
-7632
8755
-40396
8762
25146
-7621
8765
25147
8767
-40385
-23999
-7614
25152
-7612
-40379
-23993
8775
41545
41547
-7605
-23986
-23985
-7599
25169
-23981
41555
41557
-23978
-40363
41558
41561
41562
-40357
-40361
25179
25180
-40353
-7584
41571
-7579
-40346
-23960
-23958
8812
41583
8820
-40328
-7558
41597
-23937
-7551
-40318
8835
-7547
-23929
8840
-7545
25226
-7538
41615
-7535
8853
-23911
41627
-23908
41629
-7522
-23905
-40292
-40289
-40280
8873
25259
-7504
-23887
-23886
8883
-23884
-40267
25269
41656
8888
8889
-40257
-7485
41669
8903
25290
8907
-40244
41684
-7467
-40230
-7461
41693
-40227
-23843
41696
-7455
41697
-40218
-23830
-7444
-40211
8942
41716
-23817
-23816
-23814
-23810
8961
-23806
25347
25348
8965
-23799
8969
-40182
41740
8973
25358
41743
25360
8976
-7414
25372
-40162
-23778
8991
25377
41765
41766
9002
25387
-40147
41774
41773
41779
41782
25399
25398
-40136
9019
25404
-23745
-7361
-23743
-23742
9027
-23740
-40123
41794
25408
25411
25413
41803
25421
41808
41813
41816
9052
9054
-40097
-7329
-23710
-23709
25444
-40093
-40090
-40089
-7320
-23703
41834
-23701
-7317
25452
25453
-40531
25450
9074
-23692
9079
9080
9081
25465
-40069
25467
-23683
9082
-23681
-7304
25476
-40059
41862
9095
-7290
41866
-7286
9100
25486
-7279
-23662
25491
-23660
-7276
25494
-7272
-23656
-40037
-40036
41885
41888
-40029
25508
-23642
9126
-7256
41895
41898
25516
-7251
25520
-40013
-7245
41909
-7244
25525
41912
41913
25529
-40005
-40004
9152
41921
-7227
9157
25545
41931
25547
41933
-39986
41937
-39977
9182
-39968
-39967
-23582
41954
-7197
41959
25577
25579
9196
9198
25583
-7178
-23560
-23559
-7175
25593
-39939
41984
-23552
9218
25603
9216
41989
9222
-23545
-23543
25612
25615
42000
25616
42002
-7150
-23533
-23531
-23532
9237
42008
25625
-7147
-23524
-7140
-23522
-7138
-39905
25637
42022
-39898
25642
-23509
9260
9261
-7122
9259
42027
-23503
9268
25654
-39879
42043
-23491
-39874
-39872
42048
42050
25667
42055
-7095
25676
-7090
9296
-39855
25684
9302
25687
-7080
25688
42074
-23459
-39842
-7074
42077
9314
-23451
9321
42095
9332
-23434
42107
-7045
25726
-39807
42114
42121
25739
-39795
25743
-7024
-7023
9364
42136
25753
9373
9376
42144
9380
-39771
42152
-23382
25773
42158
25775
-23376
9392
42162
-6988
42167
-39753
42169
25785
-39750
9402
42172
9406
-6978
25790
-39752
42180
9413
9417
-39734
25803
42189
25805
42191
-39728
25808
25810
9425
-39727
42200
-23334
-23333
-6947
-6946
-23329
-23327
42211
-39708
-23321
-6933
42220
25838
-39693
-39692
42230
25847
-6920
-6918
42236
42238
42239
9475
25860
-23289
-6905
25863
-23288
-23285
25867
9485
9486
-23278
-6893
42260
9493
25879
-23272
25882
42268
9501
9502
-6881
-23265
9509
-23258
-6873
25895
-6868
9517
25903
-39633
9521
-39627
-39625
42298
42300
-23236
-39618
-39616
-6847
-6846
25924
-23229
25926
-23228
-23225
-39606
42315
-6834
25935
-23216
-39600
-6831
9555
9553
42323
9556
-23209
25943
42325
-39590
42330
-23202
-23201
-39585
42335
-23200
-6813
-6812
25952
-39577
-23190
-39574
-39571
25965
-23178
25977
-23173
25980
-23170
9598
-39552
-23166
-23165
25990
9609
-39543
-23159
25998
9615
-39534
-6762
-6759
26010
-23142
26012
26016
9633
-23135
-6746
26023
-6743
-39508
-23122
9647
26031
-39504
9653
-23113
42424
-39495
-23108
-6724
-6723
26044
-23105
9666
26051
-23095
26059
26061
-39475
26063
9681
-39471
-39469
-23084
-39462
-23077
42460
-6687
26083
-6681
9704
26088
-6679
-6677
-23057
-39439
-6669
9718
-23049
-6664
26106
-23046
42499
26116
-23035
26118
-23033
9736
42504
-23030
-23027
-39410
42511
42512
-6637
42516
26132
26134
-6633
-23016
-6631
-39402
9755
9756
26141
42526
-6632
-23008
-39391
-6623
-39389
-6627
9768
-39382
26159
-39377
42546
9779
-6601
9783
-22984
-39366
-39369
9791
26176
-22975
42561
26179
-6589
9797
-22970
-22967
42569
9802
-39348
42572
-6580
26188
9808
-6575
-22957
-39340
26198
-22952
-39331
26206
9824
26210
-22941
-39324
26212
42598
-22934
26219
-39316
42605
26223
-39312
-22926
-22923
42616
9849
-6528
9859
26244
9861
-39289
26247
-39286
-6518
-39284
-6517
-39282
-6516
-39279
-6506
9878
42648
-22886
26273
26274
-39260
42666
-6486
-22862
9908
26293
-39242
-6474
26296
9911
-22854
-39236
-6467
9920
-22847
9921
9922
-39231
-6461
42688
42691
-6460
26313
9930
-6454
-39224
-39219
26312
-39222
26315
42705
9938
26323
9939
-39220
-6448
26324
9945
-39206
-6436
42720
26337
9954
-39198
9953
9955
-39194
9958
42726
9967
-22800
42737
9969
26352
-39180
42742
-6409
26358
-39175
42746
-39173
42748
-39177
-6407
42755
-6395
-6394
-22776
26379
-22772
-22768
26385
-6382
26388
10008
-22757
-39141
42781
-6368
-39135
42789
26405
-6360
42793
-6359
-39125
10029
-22738
-39119
-39118
26419
10036
-6347
26423
26424
-22725
42811
-39109
26430
-6337
26433
10050
-39099
-39098
26439
-6328
-39094
42827
-39092
-6323
-22706
-6321
10064
-39090
42834
26449
-39083
-39082
-6312
26457
-6310
42843
26461
-22690
10078
10080
42851
-6298
26479
42864
-39055
-6287
26481
26484
26486
42870
10103
-6281
42874
26487
26492
-22658
-6273
42882
-6267
-6265
-39032
26504
-6263
26508
10125
-22641
-6257
42900
-39019
-22636
10133
10134
42905
10137
10138
26524
42909
-6242
-6241
-39009
26529
-22622
-6237
26538
-6229
-38996
-6227
26541
-6222
26547
-22604
10167
42936
-38983
26554
-38980
-22595
-6211
26560
-38973
-22587
42953
-38967
-38965
42958
10193
-22575
-22573
10196
42965
-38958
10199
-38947
-22561
-38945
-6173
10213
42983
-6168
-6165
-38930
-38928
-6159
26608
-22541
-6156
10235
10245
26630
-6137
26635
26636
-38900
26637
10255
43026
10262
10263
-22503
-38887
43035
-38884
-6115
26655
-38879
43042
-22490
10286
-22481
-6097
26675
-6093
10293
26679
-6085
-6083
43074
26690
-22460
10309
43075
43076
43077
43081
43082
26693
10321
-6061
43095
10328
-6057
43099
-22436
26716
-22434
-38818
-38817
43102
-22430
-6046
-6044
43105
-38810
-22427
10344
43113
26722
-6045
26724
10349
26730
26740
-38794
43127
43128
-6025
-22405
26748
10368
-6013
-38780
26755
-38777
-22382
-5991
-22373
10400
43169
-5981
-5979
-22360
43180
43187
26803
43189
26805
26806
10424
-22338
-5954
-22336
-22335
26815
-5949
-22331
-22330
26823
10438
-22323
-22321
-38704
10449
10450
26833
10456
-22310
-22308
10461
-38690
-22301
-5915
-5913
-5912
-5911
43248
10481
43249
-22285
43251
26868
-22282
10487
-5895
-5894
-22277
10489
26877
43262
-38662
-38659
26879
10499
-22266
-5881
10503
26889
-38647
26897
-38635
-5866
10519
-22248
-5867
-22246
10525
26913
10531
43299
-38619
26919
26920
-38615
-5847
-22228
-5843
26926
43312
-38608
-38605
-5835
10552
-38595
10558
10559
43327
43330
10562
26947
-38587
43334
10569
-38582
43340
43341
-38573
43348
-22185
-38568
-5799
-5798
-22180
-22178
10591
43359
43362
43366
10604
43373
10606
-5778
26992
43377
10609
-22153
-5768
-5766
-22149
-5765
43389
-38530
-22145
27007
-38527
43392
10628
-22139
-5753
10631
27016
-5750
10635
-38517
-5747
-5743
10646
-5737
-22120
-5736
27030
-38501
43422
-5730
43427
10659
-22106
10662
-38489
27048
43434
-5718
-38483
-5713
27055
27059
27060
-38475
-22089
-22087
43450
27065
43453
27071
-5697
10690
43461
10694
10696
-5687
-5685
10699
-5681
-38448
43474
10707
27097
43481
-38434
-38433
10721
-5665
-5663
43489
43490
43491
27105
-22039
-5654
10732
-5649
-22032
43507
-5645
10742
43514
27133
-5634
-5632
10760
-38391
-5617
27152
43535
43538
-5612
-5611
-5610
-38378
10776
27159
10779
43554
-21982
27174
-21976
-38358
10795
-38356
43565
43566
27179
43568
10801
-5583
27186
-21962
10806
43585
27203
-38332
-21948
-38330
10823
-21943
-21940
-38322
10831
-21937
-5551
-38318
27219
10836
-5550
27218
-5542
43613
-38301
27235
-38300
10855
10856
43627
-38290
-21906
-21905
-38288
43635
-5520
-5514
-21894
43644
-21891
10879
43649
27265
-5500
27269
27270
27271
10888
27272
43653
-21876
27278
-5490
-5484
27284
43670
27287
27285
27291
10910
-21857
10913
-38237
-38235
-5467
10923
10924
10926
27311
-5455
43698
10932
-5452
43706
-21827
43711
-21824
27327
10946
10948
-38201
27336
-21816
-38197
27339
-5425
10960
43728
-5420
-21803
43734
43738
-5409
27360
10977
-5407
-5406
-5405
27363
43751
43754
43755
10988
-38165
-38164
-21777
-5396
-5393
-21774
10994
-38158
-21769
-21765
11006
27393
-38141
43785
43787
27404
-21746
43793
11025
43795
43796
-5358
-21737
27415
11035
43803
27422
-5338
-5334
-5333
43823
-38097
11057
43828
-38089
-21704
11065
27452
-5312
11073
27465
-21683
-38066
-21681
43856
-5298
-5296
-21677
43860
-5293
43863
27479
-38056
43865
-5285
-38057
-5282
-5278
-38045
43875
-5277
43878
-38042
43880
27497
-38044
27498
43884
18492
11122
-38029
-5262
-21643
11126
27507
-21640
11130
43899
43901
43902
-38016
-21631
-21630
-5245
27523
-21626
-38010
-5240
43913
27528
-5237
43916
-38004
27533
27535
27537
11155
-37995
43926
11158
-5224
11160
11162
43931
11164
-37990
43928
43929
27550
27552
43943
-5205
-21586
-37965
-37963
43957
43960
11193
27578
-21573
-21574
43961
-21572
27582
11200
-21565
-5181
-5179
27589
27593
-5173
43981
-37936
11220
-37930
11224
-5157
43995
-37923
27612
44001
-37919
11233
-37916
-37915
11235
-21525
11244
44013
-5140
44015
-21519
-21515
27638
11258
-37894
11261
11263
-37888
-21501
11269
11270
-21497
-37881
-5111
-37878
-21494
44045
-5106
11282
-21483
27670
11285
-5096
27673
27676
44061
27679
44064
11297
44069
-21466
44073
11305
11308
27691
-21458
44078
11315
-21453
-37833
11321
27705
-5061
-5058
-21435
44102
11335
-37817
-21425
-37806
-21421
44115
-5036
-37800
-5028
44130
-5022
-21405
-5018
11367
-21401
-37784
-21394
-21389
27766
-21384
-37765
-4995
-37761
-4989
-4988
-37755
27786
-4979
-37745
-4975
27794
27797
27799
11416
-4967
-37733
-4963
11423
-21344
-4959
-37726
-4952
11436
-21331
-37716
11438
-4940
11445
-21322
44214
27834
-37700
27836
27839
11455
-37697
-4926
-4924
-37690
11464
44235
11468
-4915
44238
44240
27856
-37679
-21287
11483
-21282
-21281
44254
27873
-4894
27874
-21275
-21274
-4891
-21272
-4890
-21270
-4887
44272
-37645
11508
44276
44278
-37644
11514
11516
-21247
-37628
11524
11526
-4858
44297
11530
-21237
11536
-37616
-37615
-21230
-37613
44309
44314
11547
11548
11550
44318
44321
-37598
-4823
-4822
-37589
-21204
-4821
27950
-4819
-37584
27953
-21197
27956
-4810
-21190
-37573
27963
-21187
11581
44346
44351
-4801
-4799
-4797
11588
-21178
27975
27976
-4787
-4776
-21157
44380
-37540
-4769
-37535
-4766
-21150
11618
44387
44388
44391
-21143
28010
44396
28013
-21135
28017
44403
44405
-37514
-4745
28022
-21130
11641
-37509
-21122
-37505
-4734
-4732
44420
-21115
-37493
-21102
-4717
11671
28056
11675
-21092
-37477
11681
44449
11683
-4700
-4698
-21079
-21078
11690
44457
-37463
28075
44463
28073
-4685
44470
28086
11704
-4680
44474
44480
-21055
-4671
-37440
-21049
44488
44489
-4661
-37428
-4658
28116
-37419
44502
44503
11736
-37418
-21029
44507
-4643
-37413
28127
-37407
28129
-37405
11747
44517
-21017
28141
44526
11760
44532
-37387
28151
11771
-37380
-37378
-20993
11775
-20984
44552
-37365
44556
-4595
-4591
-20973
-4587
-4585
28184
-20968
-20966
-20967
28189
-4578
11807
28192
-20956
-37339
-4571
11817
-20946
11822
11824
28206
-4559
-4557
28215
28220
-4544
11841
-37311
11843
-4541
11844
-37304
-20917
28236
11853
44622
-4529
44623
28239
28242
-20909
-20908
-4524
44633
-20900
44636
-37280
-4511
44647
28263
28265
-37270
-37272
11884
-20883
-20882
-20881
44654
44656
28271
44653
11887
11889
-37261
11895
44664
11896
44666
44663
-4490
-37257
-37249
-4475
28295
-20856
-37237
-20852
44684
-37231
11923
28305
-37227
-4459
-20841
-20840
-4450
11937
44709
-4440
-4439
28330
-20820
28333
25170
11951
-4434
-20812
-37195
-4428
-4423
44734
-4417
28354
-4413
-20796
-4412
-37178
-20793
28360
11977
-37174
44748
-4404
28364
28365
-4401
28368
11987
28373
-20779
-4393
11992
44761
11994
-37162
-4394
28374
-4386
-20768
44769
44770
-37149
-37148
28388
-37145
12008
-20761
-37141
44787
12021
44790
28411
-20740
-20737
12033
28419
-37116
-20727
44810
-20726
-20724
-20725
44809
44814
-37102
-20715
44821
-20713
12056
12057
-4326
28447
-4320
-4318
12068
44839
-20694
-4308
28461
44845
-20689
12081
12085
-20681
12089
44864
12099
44871
-20651
-37034
-20649
12121
12122
28508
44894
12129
28518
28524
-37010
28527
-20624
12145
28529
-37005
-4237
44917
44918
28535
28534
-36997
-20611
-4226
28545
-4222
-20604
-4220
-36986
44938
-4210
-20593
12175
-36974
-36965
28571
12189
44958
-36960
12193
-4190
-36957
-4188
12197
-20569
44968
-20568
44971
-20565
-20564
28590
12206
44974
-36943
-4179
44987
-36932
28609
-20542
-20539
-36922
-4152
12233
-4150
-4148
-36915
-20529
-20527
-36909
45013
45016
-20519
-20517
-4132
-20515
12253
28638
-4128
28641
-4127
45027
-4125
-4122
28647
12264
-20502
12268
45041
-36879
28659
45045
12278
12279
-4105
-20489
12280
28665
45052
-4100
-20482
-4096
45060
12292
-4089
-20472
-36856
-4085
45067
28683
28684
-36849
-4081
28691
45075
-20459
-4075
12312
-20452
12316
45087
-36833
-20447
-36829
-4060
28710
-4058
-20439
45098
-4055
45100
-36822
-4054
-20426
12342
-36807
-20421
-20420
-20414
-36795
-4024
-20407
12362
-20404
12366
-4018
-4016
45142
28759
28760
-20391
12377
-4002
-36768
12384
-36766
45153
28773
12387
45159
12396
45164
-20370
-20367
-3982
-36749
-20364
-36748
45173
12406
-3974
28794
-20357
-20355
-20354
28798
-3967
12421
-20345
45193
-20343
-20341
-36723
-20338
-3953
28818
-36714
45210
-3942
-20322
-3937
45216
45217
28832
-20317
-20316
28838
12455
-3927
-36694
-20311
12460
-36695
12464
45233
-36686
28851
28854
-36680
-20295
-3908
-20291
-3900
-20284
45257
-36660
-20275
-3892
-36658
12497
45269
-20266
-20264
-20263
45273
-36646
-36644
-36643
28890
-36640
-3871
28896
45283
28899
45287
-20248
-36631
12525
12530
-3852
28918
12534
-20230
12539
-36610
-3841
-36607
-3838
28931
-36605
-20219
-36601
12553
-36599
-20213
-20212
12558
28948
28952
28953
45344
-3807
-36572
45349
45352
-36567
12587
-20178
-20177
28975
45361
45364
-36554
-3781
-20163
45373
12607
-20161
12609
12611
-20156
12613
28999
-20151
12618
45387
-20148
12621
-3766
-20145
-36528
45391
-36529
-3753
-36520
12634
-20133
45405
-36515
-20129
12639
29022
-20123
45413
-36501
-36500
-36498
12660
12664
-3719
45434
-3716
29053
-3714
12672
-36480
-36476
45445
45449
29069
-36465
-3697
-20080
-3694
12695
12697
29083
-3684
45469
-36447
12706
12707
-3676
45478
45479
29094
-3671
-36440
-36438
45489
-20047
-36428
12728
-3654
45498
29118
-3649
-20032
29120
-20030
-36411
-20021
45516
-3634
12753
29138
12755
29139
-20011
-20010
45527
-20014
-36395
45530
-20002
29153
-3614
-19996
-36379
45546
29165
45552
12784
45556
12791
-36358
-36356
12797
45566
45565
-3588
-19967
12802
45570
45573
-19962
29190
-3571
-3569
-19952
29200
12819
-19948
-36331
12822
29203
-19944
-36327
-19943
12828
12829
12830
12835
45607
-19928
-3541
-3540
-3539
-36306
12850
-36301
-19915
45623
-3526
-19909
45629
-36290
29248
45632
-19902
29251
-3516
-19899
12869
12871
29257
45642
45647
29264
-19887
12881
-3502
29268
-36267
45649
29271
-36263
12894
-19873
-36257
-3489
12899
45669
45670
-19865
12903
12906
29292
45677
-3473
45681
45682
-3470
-36236
29298
-36227
-19842
-19841
12926
-3458
45694
12931
29310
-3450
-19833
-36217
-19821
-36204
-3435
-36201
12951
29338
-36197
-36195
12958
-36192
12962
-36189
45731
-19801
-3416
-3411
12974
29359
45744
12979
-36171
-3399
45755
-36165
-36164
-19778
45761
-19774
-19775
-3388
-3387
-19770
-3386
13000
45762
-19769
-19765
-19767
45769
45773
13007
29387
13010
29395
29394
-19755
-19753
-36136
-3367
13015
-36133
-3361
45795
45796
-3352
-3349
13035
-36115
-3346
29422
29424
-19725
13044
29430
13049
13051
-36099
13055
-3327
-19709
-3325
29444
29445
-19705
-3319
-36085
45836
45839
-36078
-36077
-36076
45845
29458
-36069
29468
45854
29475
13093
45863
29479
29481
13098
29482
13099
-19667
-3287
-19661
-36043
-36042
29494
45887
-3264
29507
13125
-3258
29511
-3256
-36020
45902
-19634
29522
-3240
45914
13146
29532
-36005
-3237
29531
-36001
-3231
-19614
29537
-36000
13159
-35990
45933
-3218
-35985
-3215
-19595
-35977
-19591
-19590
29565
13182
45951
45952
-35968
-19585
-19584
29572
-35962
13190
13192
29577
-19574
45962
45964
-19571
-19573
-3194
-35952
29576
-35945
-3173
-19556
-19553
-35937
29600
-19548
13221
29605
29606
29608
13229
45997
-19537
13240
46010
-19524
29630
-3137
-3136
46015
46018
-19520
13252
-19515
-35898
46020
-3135
-3126
-3125
-35892
29644
-3118
13266
-19499
13270
-19492
-19491
46044
29663
-19490
46049
-3103
29662
-35870
29669
-3100
46057
-35863
13291
-19476
13294
13297
-3087
29681
-3085
-35852
-3082
46071
46070
-19465
46074
-35854
-3081
-3071
-35838
46083
13319
46088
-35833
29705
13323
13324
13326
46094
13328
-19437
29716
13335
46104
-19430
46110
13342
46112
46113
-3039
29731
13344
13349
46118
-35805
-19416
-3035
-19414
-35802
-35795
-3026
-3025
-3023
-3019
-19401
-3016
-3010
29760
29762
-3005
-19388
13381
-3003
29765
-35765
29772
-35762
-19377
29775
-19375
46159
-19376
29780
46165
-19371
29786
29787
13407
-35744
-35743
-19361
46175
-2972
13413
-19352
-2964
-19346
13422
-35729
13425
-19342
-35725
-35730
-2955
13432
29817
-19333
13437
-35715
29823
-2942
46211
-35708
46213
29830
13447
-2936
13449
29834
29833
-19316
-35699
-19314
-19313
-2931
46220
46223
29835
-19308
-2923
46230
13462
13464
-35695
-35691
29852
-2915
46238
-35682
13472
-35680
-2912
-19292
29862
-2904
-19282
46255
-35664
-19278
-2892
46261
-2887
46266
29883
13503
13505
-2878
-2874
-2872
13518
13519
13521
46289
29906
13529
46299
-2852
29920
13537
-35614
-35613
29925
-19219
13550
-2832
46320
29937
-2830
-2828
-19209
-35590
-19204
13566
-2817
29950
-35581
13574
13579
-2804
-35568
-35566
-19179
-2792
13594
-19172
13597
-2784
29988
13606
-19158
-35542
13613
13616
46385
-19147
-19142
46396
-19139
46402
13635
-35515
46406
-35513
-19128
13639
-35510
-2741
46412
-2739
30031
30033
-2731
-35496
-19110
-19107
-2721
46432
30050
-19100
30053
46438
13672
-19092
30061
-2707
-35471
30066
-35468
30068
46456
30077
46465
-35453
13706
30092
-2671
-35437
-2667
46487
-35432
13721
30104
-19048
-19047
-19043
13722
-35425
-19042
30109
46501
46505
30121
-2646
-2644
13741
13742
-35409
-19025
46511
-35413
-35412
13748
30132
-35404
-35399
46522
46521
30141
13758
-35393
-35391
-19007
-2621
-19006
-19003
46533
30151
-35387
30153
-18998
46538
30156
-2611
30157
-18993
-18996
30159
30163
13779
30168
13786
30172
-18978
13792
-18975
30176
46562
-18971
-2587
-18969
46565
46569
30186
-18968
-2586
-18963
46574
-35345
13808
-35337
46584
-35333
30204
46589
-18946
-2565
30203
30210
-18942
46596
46595
46597
30215
-18937
-18935
46603
-18933
30221
-18930
13840
-35310
30227
-2538
-18919
13849
-2535
-2534
-35298
30238
-35296
-2528
46626
13858
-2526
13861
-18903
13865
13867
30252
-2519
30251
30253
-2512
-18891
46646
-2504
-2501
30269
30271
46656
46655
-18878
-18877
-18876
-35264
46665
-18870
-2485
30283
13902
46670
13903
-35250
-2481
13907
13908
46677
-2475
30296
46686
13920
-18846
46693
-35226
-35225
30312
46697
-2456
-18836
-35220
30320
-35212
-35210
13943
30327
30332
13949
-18816
30338
-2427
-18809
-35188
-35186
-35185
46735
30351
-35176
-18791
-2407
-2403
-35168
-18781
13987
-2390
-35149
-2380
-18763
-35146
14004
-18756
-35139
-18754
-2370
14016
-2367
-2365
46788
-35132
30403
14025
-18742
-35127
-2358
-35122
46800
14033
-35118
46804
14038
30422
-2345
-2343
-2342
46813
-2338
30432
-18720
-35102
-2329
14056
30441
-35092
14063
14064
-18703
14065
-2317
-18701
-18695
-2310
14073
14074
-35075
-13484
-35071
46858
30474
14092
30479
14096
-2288
-18670
-35056
-35052
-18667
14102
14103
-35050
30489
30487
14107
-35044
30493
-2276
-18656
14114
-35038
-2267
14120
-18646
-35029
-2257
-2255
-2251
-2248
46905
-2246
-35013
14140
-18629
-18626
30522
-35012
30530
-35004
30533
14150
30534
-18618
46921
46928
-2224
-34991
30546
-2221
-34992
-34986
-18601
-2216
30550
-2214
-34983
-34978
30559
-2208
-34972
-2201
30570
30571
46957
46963
30583
-2184
46969
14207
-2175
14210
-18557
30593
-2171
14213
46983
-34930
30610
-34925
30616
30619
-34911
30634
30636
-34889
-2121
30648
47035
30657
-18494
14276
-18490
-34871
-18486
-2100
-34867
-18481
30672
14293
-2090
-2087
47067
-2084
-18466
-18465
-34847
47073
30691
47076
47077
-34845
-2075
30694
-34839
-34838
14317
-18451
-18449
30704
14321
47089
-2066
-2060
30702
-18441
14330
30715
30718
47105
-18429
30722
30725
47110
-34808
14347
47115
14348
47118
-34800
30738
-34795
-2027
30744
-18403
-34786
47135
-2019
-2015
-2018
47139
-2017
-18395
-34777
-34775
-18390
-18389
14379
30765
-2004
47151
14384
30767
-34768
47155
-1997
30772
-1992
-34759
-18374
-1987
30784
14401
-1984
-1981
14405
-1977
14408
14409
47177
30793
47176
14410
-1966
-1965
-34732
30806
-1961
-1960
14425
-18342
-18340
30815
-1952
47200
-34720
47203
-18332
47204
-1949
-18328
-1944
30826
-34709
14448
30833
30834
-34701
-18319
14449
-34703
-34697
-1929
-18313
47226
-18309
47224
14461
-1931
-34689
-18304
-1918
-18296
14472
14473
47243
-34677
14477
30863
-34672
14481
47251
14487
-34664
30872
30877
-1890
30879
14496
14498
-1884
-18267
-34650
14503
47278
-18256
-1871
47283
-34637
14518
-1865
30904
30905
47290
-18245
30909
-18242
14528
14530
-34622
-1853
-1851
-34618
14535
47303
30919
30915
-34610
-18225
14543
-34607
14544
30926
-34605
47324
14558
-34593
47328
47327
-18204
30951
-1816
14567
-18199
-1814
-1812
-1811
-18192
-1808
-18188
14581
-18182
-1797
30972
-1795
-18179
14591
30973
47361
30977
47363
-1794
-34559
30978
-18169
-1785
14601
47370
30983
-18159
30997
-18151
47388
-18147
-1764
47393
-1759
-34526
14630
-1754
31015
14634
-18132
-1746
14639
47409
-34510
47411
31025
47415
-34505
47417
-34502
-1732
-18112
47424
-18109
-18107
14661
-18105
14664
-18103
14666
-34491
31045
-34483
47438
-1713
-18097
14673
31054
-1708
-18089
14682
-1701
-1699
31071
47455
-18080
14689
-18075
-1691
-34458
-34456
-1687
14698
47466
14700
47469
-18067
-34452
47472
-1679
31092
31094
31095
31096
31098
-18053
47483
47486
-1665
-18044
-1655
-1651
14738
-1645
-34411
31125
-18023
31130
-18019
31133
-18017
-34398
-34396
-34395
-18011
-34393
-18007
31146
-1615
14771
14772
14774
-34377
31160
14778
31162
-34372
14781
31169
-34365
-34364
31175
-1593
31179
-34356
-1586
-34350
-17962
14809
14811
47580
-34340
31196
-1569
-34333
14821
-17945
-1561
31207
47594
31212
-17937
-34319
-17934
-1551
-34316
-1547
-34314
-34313
-17928
14841
-1548
-34309
-1544
31229
-34306
31225
14848
-17919
14849
31233
14852
47621
31238
-34297
-1528
31241
14863
-1520
31253
-34281
31255
-17894
-17893
14878
31269
-34264
-34262
31276
-1486
31285
-34248
-1479
47674
14909
-1475
47681
-1470
-17852
-1467
31302
-17850
-17848
31305
31303
-17845
-34230
14925
47694
-34225
-17840
-1456
31307
14931
47701
31318
-1449
-17831
31323
-34212
31327
31328
14945
47715
-34204
-34203
47718
-17817
14952
-17816
-1430
47729
-17806
-1419
-1418
-17801
14966
31356
-17796
31357
31361
14979
-17786
-34168
47753
-1399
31375
14992
-17772
-1387
-17766
-17764
-34146
31392
-1368
-17751
31400
-34132
47789
-34131
-34128
-34127
47791
47798
15033
47801
-34116
-34115
15037
-1344
-34112
31424
15043
15044
-1341
47814
-34106
-1334
-34098
-34097
15059
-17708
-1321
-17705
15065
-34086
47838
47840
-34079
47842
47844
47845
15078
-34074
-34071
-34070
-17680
-17679
31472
-34061
47860
31478
-17673
-34055
31484
15101
-1282
15104
-17663
-17662
47872
-1276
47873
-1279
31496
15114
-34035
-34034
-17649
15119
-34032
-1261
31508
-17641
-34021
-17634
-17633
47904
-34016
-1246
-34013
-34012
-17625
47912
-34006
47915
47916
-34005
-17614
15155
-17612
47922
-17610
-33997
15160
-33991
31545
-17605
-17604
-1219
-33990
47935
-1216
31548
-17598
-33986
15176
-1207
31562
47944
47945
31560
47950
-1202
-33973
-33959
47962
-1189
-17571
-33955
-1184
-33950
-1178
-1176
31592
-1174
-33935
-33934
-33932
-1159
31611
-17539
-33920
48007
-17528
48010
15243
-17522
-1136
15250
-1134
48020
31639
15257
48027
31644
-17508
-1122
15264
48033
-33887
-33885
31651
-33881
-1112
-17495
-17494
-17493
15277
15278
31664
-33871
-33869
-1100
-17480
-33861
31675
-17475
48063
31684
15301
48072
-17463
-33846
48075
31692
-1075
-33842
-1074
-17454
31699
-1068
-33837
48087
-1064
-33829
48093
31709
31710
-1057
15325
-17438
31715
48094
48097
-17434
-1053
-1049
-33811
48110
48111
-1040
48114
48117
-33802
-1034
31734
48121
31738
15356
-17410
-1025
48129
31746
48131
15364
-33786
15374
-33776
-17391
15377
-1005
15380
-17384
-17383
48154
-17377
15392
48162
-33757
-17373
48164
48166
48165
48168
-33751
-33747
48181
31797
48184
-963
15422
-17345
31805
15425
15428
-17339
-33724
-954
15430
48199
-950
48202
-33721
-33720
-952
-33716
-944
31825
31820
48214
-33706
31833
48219
-17316
48224
15458
48231
15463
-17300
48240
-911
48242
48241
-910
31861
-33677
48247
-905
31860
-17286
-906
-17283
-899
48253
-17279
-17278
15489
48259
-17275
15496
48264
31881
-17268
-33650
-33646
-878
15507
48276
-17258
-877
-17256
48281
31897
48280
48284
-17254
-17251
31903
15517
-868
31900
-17244
-17239
-854
-852
-849
48304
-33613
-17228
48309
48310
-33611
-17227
15544
-49991
48315
-845
-17218
-33602
48321
-17214
48322
-17212
31941
-831
-33594
-33593
-33590
-822
15563
-824
31942
15567
48336
-17197
48340
15573
15575
-49961
-49960
31962
15584
-17183
-33566
31969
-17180
15588
-794
31972
15595
48365
-33555
-785
15600
-784
48370
31986
31987
-17161
31992
48377
-17159
-33541
-771
-49922
48387
-17146
-49911
-17143
-49908
32012
32013
-33521
-17135
48403
32019
32020
-746
-749
-49896
15641
-33509
-33508
32031
-17118
32034
48421
-49882
-17111
48425
48426
-49877
-726
48432
-17102
15667
-33484
15669
-49866
32057
48442
-49861
-709
15677
32062
48446
-49855
48450
15683
15684
-703
-33466
-697
-49853
48456
-694
-33460
48461
-33457
15696
-17071
-49839
-685
32080
-49835
15701
32083
15704
-679
48474
32089
15710
-33442
-49824
15712
32098
-668
-33433
32103
-49813
-49809
-33425
-49806
15730
-652
15733
-49802
32118
-648
-33416
48508
48509
-644
32125
48513
15747
15745
-636
-49785
48520
-33399
-631
-629
-49786
-630
15758
48527
-49776
-626
32147
-17004
48534
15766
32151
-49766
-612
-33379
48544
-33376
-607
-16989
15780
-33369
32168
48553
-596
48558
-593
-16976
-591
15795
48564
-588
-49739
-33353
48565
-16969
48566
-49733
-580
32189
-16962
15806
-33351
15809
-576
-49725
15811
32192
-33340
-49721
-16948
15824
32209
15826
-33325
48595
32213
-16938
-16936
-33319
48604
-33315
15838
48606
-16929
-49696
-49694
-33309
-542
-537
-33304
-33301
-49684
-528
-49678
-16908
-16907
-522
48631
-521
15867
-516
48637
32254
15871
-49664
15873
-16897
-16893
-49660
48645
32253
32256
32262
32263
15882
-33272
-49652
-49651
-16882
15884
-16880
-495
32265
-33259
48662
-491
-49643
-49642
15898
15901
48669
-16863
15905
-33244
-16859
-474
-16856
-471
32297
32299
-33236
-16850
48689
32305
-16845
48691
15925
-461
-49609
-49612
32309
32314
32316
48701
-33212
48709
32325
-441
-439
-438
32331
48717
-49585
48719
-16814
48723
-33196
-16811
32342
32343
32339
-426
15963
-33188
32349
-49569
-16800
-16799
15970
-16797
15971
32352
32358
15975
-16791
15977
32363
15988
-49546
-16776
-33159
48760
-16771
15998
48767
-16766
48772
16004
-377
48776
-33143
-49527
-16757
-373
32396
-33139
32399
-368
-16751
16017
16018
-33131
16024
-16741
16027
16028
32412
48799
16034
-33116
-49499
32421
-344
-16728
48809
-49493
-16725
48812
-16723
-33105
-341
-333
-49482
16054
-49481
-33098
-16706
-49473
16063
-33090
16066
-16701
32446
-33083
-49466
-49465
-49460
-49458
-33074
-16690
48852
-49447
48860
32476
-16674
32479
16096
32480
-33054
48868
-33051
-33052
-16665
-33048
-16663
32489
-276
32492
-33042
-271
-49422
-16654
16116
-33037
32502
-49417
-16643
-49405
32517
-251
-49401
48904
-33015
-250
-33013
32519
-49395
-49393
16144
-33005
16148
-16619
48921
-49382
-16612
48924
48928
-16605
32548
-16604
16167
32551
32553
16171
-32981
-32978
-16593
-16592
-49359
-206
-32977
32566
-198
-16580
-49343
48961
-16575
32581
-32954
-185
-32949
32588
-179
-49331
-177
32591
-174
-32941
-49324
-49322
-16554
32598
-49312
16226
48996
-49307
-16539
32614
49000
-32920
-32918
32619
32620
-16530
-145
-32911
16243
49011
16244
-137
-49288
32633
16249
49018
-49285
32637
32631
-49281
16256
32640
49026
32646
32653
32655
16271
-49264
49041
-16493
-16490
-49258
16280
-100
-32867
-97
32672
-16479
32676
-16474
32681
-49237
49068
-16467
-32851
-49230
16308
32695
-49225
-49223
-71
-49220
-49213
-49209
49097
-32821
-16436
-53
32716
-47
-46
-16426
-32809
49114
32731
-49188
49118
-34
-16417
-32799
-32802
-31
-16412
-16408
-24
-16406
16362
16363
49133
16366
-49169
32752
-15
32749
32750
-32783
-32778
16379
-49154
-49153